"","Read_Count_1_A1","Read_Count_1_A2","Read_Count_1_A3","Read_Count_1_B1","Read_Count_1_B2","Read_Count_1_B3","Read_Count_1_C1","Read_Count_1_C2","Read_Count_1_C3","Read_Count_2_A1","Read_Count_2_A2","Read_Count_2_A3","Read_Count_2_B1","Read_Count_2_B2","Read_Count_2_B3","Read_Count_2_C1","Read_Count_2_C2","Read_Count_2_C3"
"metabat1.7.faa_contig436pilon_pilon_10",0,0.88590938112637,1.64486408351293,0,1.16619325035431,0,0,0,0,0,0.89550771308478,0,0,1.74689798439781,1.1340537405337,0,0,0
"metabat1.7.faa_contig436pilon_pilon_100",1.29185180527056,1.43074458043053,0.38281488519608,1.1340537405337,0,0,0,0,0,1.11645381230496,0.89550771308478,1.75709288071739,0,1.12312357938219,0,0,0,0
"metabat1.7.faa_contig436pilon_pilon_1000",0.785936028605364,1.64146402980544,2.30756971923906,0,2.24262160634391,2.62673007810211,0,0,0,0,1.19559746605447,2.36884809447434,2.97318671073354,1.74689798439781,2.80193012411026,0,0,0
"metabat1.7.faa_contig436pilon_pilon_1001",1.96230563626242,1.18389527239187,1.14765426080542,0,0,0.897401199107369,0,0,0,0,2.00393517636671,1.13098460611101,1.09903579045027,0,2.53081550425397,0,0,0
"metabat1.7.faa_contig436pilon_pilon_1002",0,0.88590938112637,0,0,0,0,0,0,0,0,1.19559746605447,1.13098460611101,0,0,1.1340537405337,0,0,0
"metabat1.7.faa_contig436pilon_pilon_1003",1.29185180527056,0.509913214608311,1.14765426080542,1.1340537405337,0,0.897401199107369,0,0,0,0,1.44388713727703,2.36884809447434,1.71555497817818,1.74689798439781,1.7610687491275,0,0,0
"metabat1.7.faa_contig436pilon_pilon_1004",0,1.18389527239187,2.47463106669557,0,1.16619325035431,1.44647599839007,0,0,0,0,0.89550771308478,2.66797545578142,2.14611569478379,0,1.7610687491275,0,0,0
"metabat1.7.faa_contig436pilon_pilon_1005",2.60157159760965,1.18389527239187,2.30756971923906,1.1340537405337,2.24262160634391,0.897401199107369,0,0,0,1.73823503865256,0.516148531667395,2.36884809447434,1.09903579045027,2.1809567813732,1.1340537405337,1.29118405857877,0,0
"metabat1.7.faa_contig436pilon_pilon_1006",1.29185180527056,1.43074458043053,1.14765426080542,0,0,2.40967275086044,0,0,0,0,0.516148531667395,1.4777407110858,0,0,2.53081550425397,0,0,0
"metabat1.7.faa_contig436pilon_pilon_1007",0,1.43074458043053,1.64486408351293,0,0,2.15407448615294,0,0,0,0,1.19559746605447,1.13098460611101,2.47727817412133,0,0,0,0,0
"metabat1.7.faa_contig436pilon_pilon_1008",2.76419434237269,0.88590938112637,3.05192925054972,0,1.80255518101465,1.44647599839007,0,0,0,1.11645381230496,2.15090332733127,2.52615053480768,1.71555497817818,0,2.80193012411026,0,0,0
"metabat1.7.faa_contig436pilon_pilon_1009",1.66568014541256,1.98832176012744,2.01393892571283,1.1340537405337,2.24262160634391,1.44647599839007,0,0,0,2.17133542639018,2.00393517636671,1.99102887400464,1.09903579045027,1.74689798439781,1.1340537405337,0,0,0
"metabat1.7.faa_contig436pilon_pilon_101",0,0,0.38281488519608,1.1340537405337,0,0,0,0,0,0,0.89550771308478,0,1.09903579045027,0,0,0,0,0
"metabat1.7.faa_contig436pilon_pilon_1010",1.66568014541256,1.82529197697292,2.5514261270497,0,2.57936124805689,2.15407448615294,2.07197274134539,0,0,0,1.19559746605447,1.99102887400464,2.14611569478379,1.12312357938219,2.80193012411026,0,0,0
"metabat1.7.faa_contig436pilon_pilon_1011",1.29185180527056,1.18389527239187,1.14765426080542,0,1.16619325035431,2.15407448615294,0,0,0,1.11645381230496,0.89550771308478,0,1.09903579045027,1.12312357938219,1.7610687491275,0,0,0
"metabat1.7.faa_contig436pilon_pilon_1013",0,0.509913214608311,0.685058202165542,1.1340537405337,0,0,0,0,0,0,0,0,1.09903579045027,0,2.53081550425397,0,0,0
"metabat1.7.faa_contig436pilon_pilon_1014",1.66568014541256,1.64146402980544,0.685058202165542,2.53081550425397,1.16619325035431,1.84322922738708,0,0,0,1.73823503865256,2.00393517636671,1.4777407110858,0,1.12312357938219,2.80193012411026,0,0,0
"metabat1.7.faa_contig436pilon_pilon_1015",0.785936028605364,0.509913214608311,0.934818605712233,1.7610687491275,0,1.84322922738708,0,0,0,0,0.89550771308478,0,1.09903579045027,0,3.55492163421865,0,0,0
"metabat1.7.faa_contig436pilon_pilon_1016",0.785936028605364,0,1.14765426080542,0,0,2.15407448615294,0,0,0,2.17133542639018,0,1.99102887400464,1.09903579045027,0,1.1340537405337,0,0,0
"metabat1.7.faa_contig436pilon_pilon_1017",3.81103850796967,2.38946916323308,3.90483447956355,3.82193485693565,3.08153142491784,4.70146696588729,0,0,0,3.79175908626798,2.72065470380689,3.81669157949342,3.9861826561113,3.67601979373609,3.69459678192323,0,1.96219704722974,0
"metabat1.7.faa_contig436pilon_pilon_1018",0,1.43074458043053,0.38281488519608,0,0,1.84322922738708,0,0,0,2.50399368872529,0.89550771308478,1.13098460611101,1.71555497817818,1.12312357938219,2.19668159538169,0,0,0
"metabat1.7.faa_contig436pilon_pilon_1019",1.66568014541256,1.82529197697292,2.30756971923906,2.53081550425397,1.16619325035431,2.15407448615294,0,0,0,0,1.44388713727703,1.75709288071739,2.14611569478379,1.12312357938219,3.22700466328771,1.29118405857877,1.29176539221842,0
"metabat1.7.faa_contig436pilon_pilon_1020",3.95272612376576,2.79400061842543,3.81424145659342,1.7610687491275,0,3.39091296255041,2.07197274134539,0,0,2.77413745748303,1.19559746605447,3.75444463520928,3.76163235739226,1.12312357938219,3.55492163421865,0,0,0
"metabat1.7.faa_contig436pilon_pilon_1021",0,0,0.38281488519608,0,1.16619325035431,2.40967275086044,0,0,0,0,0.516148531667395,0.67359331525981,2.14611569478379,0,2.53081550425397,0,0,0
"metabat1.7.faa_contig436pilon_pilon_1023",6.22630591938545,5.01673589679839,5.55109750013812,3.03006654447673,1.80255518101465,3.50493696460009,2.07197274134539,2.50107543391484,0,5.42803576465571,4.7901567524192,5.72160639258325,2.97318671073354,2.78469305237248,1.7610687491275,1.9614664838957,0,1.46983126765765
"metabat1.7.faa_contig436pilon_pilon_1024",5.06993749326438,4.38724762768722,5.26219487262397,4.24193049572965,2.85218620740818,5.4353842630329,1.37979066905676,1.35258389846972,1.52740029239538,4.60660074038263,4.21997549899837,5.07584249715299,5.8886909982397,4.39431316089585,4.77000461515964,0,1.96219704722974,1.46983126765765
"metabat1.7.faa_contig436pilon_pilon_1025",1.29185180527056,1.43074458043053,2.01393892571283,1.7610687491275,0,2.15407448615294,0,0,0,1.11645381230496,1.44388713727703,1.4777407110858,2.7464361614707,2.78469305237248,1.1340537405337,0,0,0
"metabat1.7.faa_contig436pilon_pilon_1026",0.785936028605364,0,0.934818605712233,0,0,0.897401199107369,0,0,0,0,0,1.4777407110858,2.47727817412133,0,0,0,0,0
"metabat1.7.faa_contig436pilon_pilon_1027",0,0.509913214608311,0,1.1340537405337,0,2.40967275086044,0,0,0,1.11645381230496,0,1.75709288071739,0,1.12312357938219,0,0,0,0
"metabat1.7.faa_contig436pilon_pilon_1028",3.88362101644719,3.10958816605155,3.75052292647941,1.7610687491275,0,4.79410049822842,0,1.35258389846972,0,1.73823503865256,3.32664902010796,2.19227141791183,3.76163235739226,2.78469305237248,3.03006654447673,0,0,0
"metabat1.7.faa_contig436pilon_pilon_1029",2.91032890151629,1.64146402980544,2.99807247709387,2.80193012411026,0,5.07822074237432,1.37979066905676,2.50107543391484,2.25257262097379,0,1.840279242946,2.91560668555758,3.76163235739226,1.12312357938219,3.40025988685526,0,0,0
"metabat1.7.faa_contig436pilon_pilon_103",0,1.18389527239187,1.33308998856978,1.1340537405337,0,0.897401199107369,0,0,0,1.73823503865256,1.19559746605447,0.67359331525981,0,1.12312357938219,1.7610687491275,1.29118405857877,0,0
"metabat1.7.faa_contig436pilon_pilon_1030",0,0.509913214608311,0,0,0,0,0,0,0,0,0.89550771308478,1.13098460611101,0,0,0,0,0,0
"metabat1.7.faa_contig436pilon_pilon_1031",2.91032890151629,2.13478485261146,2.88392414889163,0,0,0,0,0,0,1.11645381230496,1.65565457285634,2.36884809447434,0,0,0,0,0,0
"metabat1.7.faa_contig436pilon_pilon_1032",3.38055467503265,2.70299855236506,1.64486408351293,1.1340537405337,0,0.897401199107369,0,0,0,0,1.65565457285634,1.99102887400464,2.14611569478379,1.12312357938219,2.19668159538169,0,0,0
"metabat1.7.faa_contig436pilon_pilon_1033",0.785936028605364,2.38946916323308,2.01393892571283,2.19668159538169,1.80255518101465,4.12030580132953,1.37979066905676,0,0,0,2.15090332733127,1.4777407110858,4.08658057769905,2.78469305237248,3.82193485693565,0,0,0
"metabat1.7.faa_contig436pilon_pilon_1034",1.29185180527056,1.43074458043053,1.33308998856978,1.1340537405337,3.08153142491784,3.70905964844488,1.37979066905676,1.35258389846972,0,0,1.44388713727703,1.4777407110858,3.87827190983408,2.78469305237248,3.03006654447673,0,0,0
"metabat1.7.faa_contig436pilon_pilon_1035",0,0.509913214608311,0.685058202165542,2.53081550425397,0,0,2.07197274134539,0,0,0,0,1.13098460611101,1.09903579045027,0,1.7610687491275,0,0,0
"metabat1.7.faa_contig436pilon_pilon_1037",2.41826115096941,1.43074458043053,2.21617578280615,4.49220066742436,3.87637579585834,4.38144079109193,0,0,0,2.17133542639018,0.516148531667395,1.75709288071739,3.34154722355649,2.51417842914998,2.53081550425397,0,0,0
"metabat1.7.faa_contig436pilon_pilon_1038",0,0,0.685058202165542,0,0,0.897401199107369,0,0,0,0,0.516148531667395,1.4777407110858,0,0,0,0,0,0
"metabat1.7.faa_contig436pilon_pilon_1039",0,0,1.33308998856978,0,0,0,0,0,0,0,0,0,0,0,0,0,0,0
"metabat1.7.faa_contig436pilon_pilon_104",0.785936028605364,0.509913214608311,0.38281488519608,0,0,0,0,0,0,1.73823503865256,0.516148531667395,0,0,0,0,0,0,0
"metabat1.7.faa_contig436pilon_pilon_1040",0.785936028605364,0.509913214608311,0.934818605712233,0,0,0,0,0,0,0,0.89550771308478,1.13098460611101,0,0,0,0,0,0
"metabat1.7.faa_contig436pilon_pilon_1041",0.785936028605364,2.87960148378125,2.30756971923906,0,0,1.44647599839007,0,0,0,1.73823503865256,1.19559746605447,1.75709288071739,3.16909176668987,0,0,0,0,0
"metabat1.7.faa_contig436pilon_pilon_1042",0.785936028605364,1.18389527239187,1.33308998856978,0,0,0.897401199107369,0,0,0,1.11645381230496,0.89550771308478,0,0,0,1.1340537405337,0,0,0
"metabat1.7.faa_contig436pilon_pilon_1043",2.91032890151629,2.79400061842543,3.33863871741216,0,0,0.897401199107369,0,1.35258389846972,0,2.17133542639018,3.38721208338708,3.81669157949342,3.16909176668987,2.1809567813732,0,0,0,0
"metabat1.7.faa_contig436pilon_pilon_1044",0,0.509913214608311,0.38281488519608,0,0,1.44647599839007,0,0,0,0,0.89550771308478,0.67359331525981,0,0,0,0,0,0
"metabat1.7.faa_contig436pilon_pilon_1045",1.29185180527056,0.88590938112637,1.33308998856978,1.1340537405337,0,0.897401199107369,0,0,0,0,1.44388713727703,1.99102887400464,1.71555497817818,0,0,0,0,0
"metabat1.7.faa_contig436pilon_pilon_1046",2.91032890151629,2.96040653444993,2.88392414889163,2.19668159538169,2.24262160634391,2.62673007810211,0,0,0,2.17133542639018,2.28427424259072,1.75709288071739,1.09903579045027,1.74689798439781,1.7610687491275,0,1.29176539221842,0
"metabat1.7.faa_contig436pilon_pilon_1047",1.29185180527056,1.98832176012744,1.33308998856978,0,2.85218620740818,1.44647599839007,0,0,0,0,1.840279242946,1.13098460611101,1.09903579045027,1.74689798439781,3.03006654447673,0,1.29176539221842,0
"metabat1.7.faa_contig436pilon_pilon_1048",1.96230563626242,2.96040653444993,3.05192925054972,2.19668159538169,3.08153142491784,3.88784897214272,0,2.0382190429837,0,2.77413745748303,1.44388713727703,2.52615053480768,5.35663745289907,3.20902661097063,1.1340537405337,1.29118405857877,1.96219704722974,0
"metabat1.7.faa_contig436pilon_pilon_1049",1.96230563626242,1.64146402980544,1.14765426080542,2.19668159538169,2.24262160634391,0.897401199107369,0,0,0,1.11645381230496,2.00393517636671,0.67359331525981,4.50463189329779,1.12312357938219,2.53081550425397,0,0,0
"metabat1.7.faa_contig436pilon_pilon_1050",1.29185180527056,1.82529197697292,2.21617578280615,0,1.80255518101465,1.84322922738708,0,0,0,0,0.516148531667395,2.52615053480768,2.97318671073354,1.74689798439781,1.1340537405337,0,1.29176539221842,0
"metabat1.7.faa_contig436pilon_pilon_1051",0.785936028605364,0.509913214608311,1.77865745269737,1.1340537405337,1.16619325035431,2.62673007810211,0,0,0,0,1.19559746605447,1.13098460611101,2.7464361614707,1.74689798439781,1.7610687491275,0,0,0
"metabat1.7.faa_contig436pilon_pilon_1052",0.785936028605364,1.82529197697292,1.33308998856978,0,0,0,0,0,0,0,1.65565457285634,1.4777407110858,1.09903579045027,0,0,0,0,0
"metabat1.7.faa_contig436pilon_pilon_1053",7.02136304638619,5.09039759213112,6.2832273912841,3.03006654447673,2.24262160634391,3.13165008026539,3.40787433560091,4.17716832506008,5.12465344295104,5.17168781728293,7.6324913478797,6.07990218393958,2.7464361614707,1.74689798439781,3.55492163421865,3.27556281317695,4.5952884523889,2.65756795586743
"metabat1.7.faa_contig436pilon_pilon_1054",0,0.88590938112637,0.934818605712233,0,0,0,0,0,0,0,1.19559746605447,0,0,0,0,0,0,0
"metabat1.7.faa_contig436pilon_pilon_1055",2.20822168944952,0.88590938112637,1.64486408351293,0,0,0,0,0,0,0,4.04306096170751,0,0,0,0,0,0,0
"metabat1.7.faa_contig436pilon_pilon_1056",6.59388861198427,4.65340278610975,5.29606496415478,2.53081550425397,2.24262160634391,2.62673007810211,3.78852376581931,4.04761767344085,4.44023807005354,4.29940155989236,6.53322322566435,5.10107365765177,2.97318671073354,1.74689798439781,3.9389394714275,2.41734347868894,4.50615247664964,4.08142950710278
"metabat1.7.faa_contig436pilon_pilon_1057",1.29185180527056,0.88590938112637,1.33308998856978,0,1.16619325035431,1.44647599839007,0,2.50107543391484,4.0055144026165,1.11645381230496,2.40635221835154,0.67359331525981,2.14611569478379,0,0,1.9614664838957,3.65377051928038,2.65756795586743
"metabat1.7.faa_contig436pilon_pilon_1058",0.785936028605364,0.88590938112637,2.01393892571283,0,0,0,0,0,0,1.11645381230496,1.19559746605447,1.75709288071739,0,0,0,0,0,0
"metabat1.7.faa_contig436pilon_pilon_1059",3.04301307761808,1.82529197697292,2.75996219574681,0,0,0,0,0,0,1.11645381230496,1.44388713727703,3.12689527349591,1.09903579045027,0,0,0,1.29176539221842,0
"metabat1.7.faa_contig436pilon_pilon_106",1.66568014541256,0,0,0,0,0,0,0,0,1.11645381230496,1.44388713727703,0,0,0,0,0,0,0
"metabat1.7.faa_contig436pilon_pilon_1060",2.41826115096941,2.60586750229792,3.33863871741216,0,2.24262160634391,0,0,0,0,1.11645381230496,1.65565457285634,2.91560668555758,1.09903579045027,1.12312357938219,0,0,0,0
"metabat1.7.faa_contig436pilon_pilon_1061",0,1.18389527239187,1.33308998856978,0,0,0,0,0,0,0,0.89550771308478,1.13098460611101,0,0,0,0,0,0
"metabat1.7.faa_contig436pilon_pilon_1062",0.785936028605364,0.88590938112637,0.38281488519608,0,0,0,0,0,0,0,0.516148531667395,0,0,0,0,0,0,0
"metabat1.7.faa_contig436pilon_pilon_1063",0,1.18389527239187,1.90108923408269,1.1340537405337,0,1.84322922738708,0,0,0,1.11645381230496,0.89550771308478,2.19227141791183,1.71555497817818,2.1809567813732,1.1340537405337,0,1.29176539221842,0
"metabat1.7.faa_contig436pilon_pilon_1064",1.96230563626242,1.18389527239187,1.64486408351293,0,0,0,1.37979066905676,0,0,2.17133542639018,1.19559746605447,1.99102887400464,1.71555497817818,1.74689798439781,0,0,0,0
"metabat1.7.faa_contig436pilon_pilon_1065",0.785936028605364,0.88590938112637,1.14765426080542,0,0,0,0,0,0,0,1.19559746605447,0,0,0,0,0,0,0
"metabat1.7.faa_contig436pilon_pilon_1067",2.41826115096941,2.13478485261146,3.4228074703425,2.19668159538169,0,3.39091296255041,0,1.35258389846972,0,1.11645381230496,2.62330189181478,2.52615053480768,4.50463189329779,1.12312357938219,2.19668159538169,0,0,0
"metabat1.7.faa_contig436pilon_pilon_1068",0,0,1.4973827041834,0,0,0.897401199107369,0,0,0,0,0.516148531667395,0,0,1.12312357938219,0,0,0,0
"metabat1.7.faa_contig436pilon_pilon_1069",0.785936028605364,1.64146402980544,1.33308998856978,0,0,0,0,0,0,0,2.15090332733127,0,0,0,0,0,0,0
"metabat1.7.faa_contig436pilon_pilon_1070",1.66568014541256,0.509913214608311,0.38281488519608,0,0,0,0,0,0,0,0.516148531667395,0,0,0,0,0,0,0
"metabat1.7.faa_contig436pilon_pilon_1071",1.29185180527056,1.18389527239187,0.934818605712233,0,0,0,0,0,0,0,1.19559746605447,1.4777407110858,0,0,0,0,0,0
"metabat1.7.faa_contig436pilon_pilon_1072",1.29185180527056,2.79400061842543,1.33308998856978,0,0,0,0,0,0,1.73823503865256,0.89550771308478,0.67359331525981,0,0,0,1.29118405857877,0,0
"metabat1.7.faa_contig436pilon_pilon_1073",1.29185180527056,2.70299855236506,2.99807247709387,0,0,1.44647599839007,0,0,0,1.11645381230496,1.840279242946,2.36884809447434,0,0,0,0,0,0
"metabat1.7.faa_contig436pilon_pilon_1074",0,2.13478485261146,2.5514261270497,0,0,1.44647599839007,0,0,0,0,1.19559746605447,0.67359331525981,1.09903579045027,0,0,0,0,0
"metabat1.7.faa_contig436pilon_pilon_1075",0,1.64146402980544,0.685058202165542,0,0,0.897401199107369,0,0,0,0,0.516148531667395,1.75709288071739,1.71555497817818,0,0,0,2.41814240401883,0
"metabat1.7.faa_contig436pilon_pilon_1076",0,0.509913214608311,0.38281488519608,0,0,0,0,0,0,0,1.19559746605447,0,0,0,0,0,0,1.46983126765765
"metabat1.7.faa_contig436pilon_pilon_1077",2.20822168944952,2.60586750229792,2.47463106669557,0,0,0,0,0,0,1.11645381230496,1.44388713727703,2.79709764057128,0,0,0,1.29118405857877,0,0
"metabat1.7.faa_contig436pilon_pilon_1078",1.66568014541256,0.509913214608311,2.30756971923906,5.20329391987306,4.69397480083484,4.04690451631809,0,0,0,1.73823503865256,1.65565457285634,1.13098460611101,4.93993103493196,4.75060507187317,2.80193012411026,1.29118405857877,0,2.65756795586743
"metabat1.7.faa_contig436pilon_pilon_1080",0,1.64146402980544,0.38281488519608,0,0,0,0,0,0,0,0,0.67359331525981,0,0,0,0,0,0
"metabat1.7.faa_contig436pilon_pilon_1082",0,0.88590938112637,0.934818605712233,0,0,0,0,0,0,0,0.89550771308478,0,0,0,0,0,0,0
"metabat1.7.faa_contig436pilon_pilon_1083",1.66568014541256,1.43074458043053,2.01393892571283,0,0,0,0,0,0,0,1.840279242946,1.99102887400464,0,0,0,0,0,0
"metabat1.7.faa_contig436pilon_pilon_1084",0,1.82529197697292,0.685058202165542,0,0,0,0,0,0,0,0.516148531667395,0,0,0,0,0,0,0
"metabat1.7.faa_contig436pilon_pilon_1085",0.785936028605364,0.88590938112637,0.685058202165542,0,0,0,0,1.35258389846972,0,0,0,0,0,0,1.1340537405337,0,0,0
"metabat1.7.faa_contig436pilon_pilon_1086",1.29185180527056,1.43074458043053,2.11859814958117,1.1340537405337,1.80255518101465,0,0,0,0,0,1.19559746605447,1.99102887400464,2.7464361614707,0,0,0,0,0
"metabat1.7.faa_contig436pilon_pilon_1088",1.29185180527056,0.88590938112637,0.685058202165542,0,0,0,0,0,0,0,0.89550771308478,0.67359331525981,0,0,0,0,0,0
"metabat1.7.faa_contig436pilon_pilon_1089",1.96230563626242,1.98832176012744,2.11859814958117,0,0,0.897401199107369,2.07197274134539,0,0,0,2.00393517636671,1.4777407110858,0,0,1.1340537405337,0,0,0
"metabat1.7.faa_contig436pilon_pilon_109",0,0.509913214608311,0,0,0,0.897401199107369,0,0,0,0,0,1.13098460611101,0,1.12312357938219,0,0,0,0
"metabat1.7.faa_contig436pilon_pilon_1090",2.60157159760965,2.79400061842543,2.39351721646857,0,0,0,0,0,0,1.73823503865256,1.65565457285634,2.91560668555758,0,0,0,1.9614664838957,0,0
"metabat1.7.faa_contig436pilon_pilon_1091",1.29185180527056,1.43074458043053,0.934818605712233,0,0,0,0,0,0,1.11645381230496,1.19559746605447,0,0,0,0,0,0,0
"metabat1.7.faa_contig436pilon_pilon_1092",0,0,0.685058202165542,0,0,1.84322922738708,0,0,0,0,0,0,0,0,0,0,0,0
"metabat1.7.faa_contig436pilon_pilon_1093",1.66568014541256,0.509913214608311,1.4973827041834,0,0,0,0,0,0,0,0,0.67359331525981,0,0,0,0,0,0
"metabat1.7.faa_contig436pilon_pilon_1094",0,0.88590938112637,0.934818605712233,0,0,0,0,0,0,0,0.516148531667395,0.67359331525981,0,0,0,0,0,0
"metabat1.7.faa_contig436pilon_pilon_1095",1.29185180527056,0.88590938112637,0.685058202165542,0,0,0,0,0,0,0,0,1.13098460611101,1.09903579045027,0,0,0,0,0
"metabat1.7.faa_contig436pilon_pilon_1096",4.36132531669898,3.30790282016009,3.87526440793723,1.7610687491275,2.57936124805689,0.897401199107369,4.21919695263099,3.13232256184094,3.09265345005153,2.77413745748303,3.32664902010796,4.48680885360275,3.63472659822075,2.51417842914998,1.7610687491275,2.41734347868894,2.76406976883088,2.65756795586743
"metabat1.7.faa_contig436pilon_pilon_1097",4.59542848581813,1.64146402980544,4.121819829699,7.73111518030388,6.85131497823177,7.14589479663809,1.37979066905676,4.77677489165538,1.52740029239538,1.73823503865256,1.44388713727703,3.0251155373296,6.87646425121186,6.98942656946725,6.71346033568923,2.41734347868894,3.81090283963138,2.65756795586743
"metabat1.7.faa_contig436pilon_pilon_1098",0.785936028605364,1.18389527239187,1.4973827041834,0,0,0,0,0,0,0,1.65565457285634,0,0,0,0,0,0,0
"metabat1.7.faa_contig436pilon_pilon_1099",0.785936028605364,0.509913214608311,1.14765426080542,0,0,0,0,0,0,2.17133542639018,0,0,0,0,0,0,0,0
"metabat1.7.faa_contig436pilon_pilon_110",0.785936028605364,1.82529197697292,1.90108923408269,0,0,0,0,0,0,0,0.516148531667395,0,0,1.12312357938219,0,0,0,0
"metabat1.7.faa_contig436pilon_pilon_1100",0,1.43074458043053,0.38281488519608,0,0,0,0,0,0,0,0.516148531667395,0,0,0,0,0,0,0
"metabat1.7.faa_contig436pilon_pilon_1101",0,1.43074458043053,0.685058202165542,0,1.16619325035431,0,0,0,0,2.77413745748303,0.516148531667395,1.13098460611101,0,1.12312357938219,0,0,1.29176539221842,0
"metabat1.7.faa_contig436pilon_pilon_1102",0,2.13478485261146,1.33308998856978,1.1340537405337,0,0,0,0,0,0,0.89550771308478,0.67359331525981,0,0,2.19668159538169,0,0,0
"metabat1.7.faa_contig436pilon_pilon_1103",0.785936028605364,1.64146402980544,1.77865745269737,0,0,0,0,0,0,0,2.62330189181478,2.52615053480768,1.71555497817818,0,1.1340537405337,0,0,0
"metabat1.7.faa_contig436pilon_pilon_1104",1.29185180527056,0.88590938112637,2.30756971923906,5.92451042997766,5.16338808873897,4.19015269404268,1.37979066905676,0,1.52740029239538,0,0.516148531667395,2.19227141791183,3.63472659822075,4.2228593442487,5.42008138389098,0,0,0
"metabat1.7.faa_contig436pilon_pilon_1105",0,0.88590938112637,1.14765426080542,0,0,1.44647599839007,0,0,0,1.11645381230496,1.65565457285634,1.13098460611101,1.09903579045027,0,1.7610687491275,0,0,0
"metabat1.7.faa_contig436pilon_pilon_1107",1.29185180527056,0,1.14765426080542,0,0,0,2.07197274134539,0,0,0,0,0,0,0,0,0,0,0
"metabat1.7.faa_contig436pilon_pilon_1108",0,1.64146402980544,0.38281488519608,0,0,0,0,0,0,0,0.89550771308478,0.67359331525981,1.71555497817818,0,0,0,0,0
"metabat1.7.faa_contig436pilon_pilon_1109",0,1.18389527239187,0.685058202165542,0,1.80255518101465,0,0,0,0,1.73823503865256,1.44388713727703,1.13098460611101,0,0,0,0,0,0
"metabat1.7.faa_contig436pilon_pilon_1110",1.29185180527056,0.509913214608311,0,1.1340537405337,0,0,0,0,0,0,0,1.13098460611101,1.71555497817818,1.12312357938219,0,0,1.96219704722974,0
"metabat1.7.faa_contig436pilon_pilon_1113",3.04301307761808,1.43074458043053,1.90108923408269,0,0,0,0,0,0,0,1.19559746605447,0,0,0,0,0,0,0
"metabat1.7.faa_contig436pilon_pilon_1115",2.76419434237269,0.88590938112637,1.77865745269737,1.1340537405337,1.16619325035431,0.897401199107369,0,0,0,1.73823503865256,0.89550771308478,0.67359331525981,0,0,0,0,0,0
"metabat1.7.faa_contig436pilon_pilon_1116",2.41826115096941,1.18389527239187,1.77865745269737,1.1340537405337,0,0,0,0,0,1.11645381230496,4.7901567524192,2.19227141791183,0,0,0,0,0,0
"metabat1.7.faa_contig436pilon_pilon_1117",6.51611491622528,4.57858160825411,5.7018931865325,1.1340537405337,1.80255518101465,2.62673007810211,4.08941857015108,3.74733658981631,4.95988824650541,4.46116240249878,6.81806285994925,5.15024956173224,3.49557149056926,2.51417842914998,3.82193485693565,3.6528657669222,4.90523017529385,3.30004679866271
"metabat1.7.faa_contig436pilon_pilon_1118",1.66568014541256,0.509913214608311,1.4973827041834,0,0,0,0,0,0,1.11645381230496,1.19559746605447,1.4777407110858,0,0,0,0,0,0
"metabat1.7.faa_contig436pilon_pilon_112",0,0,0.38281488519608,1.1340537405337,1.16619325035431,0.897401199107369,0,0,0,0,0.89550771308478,0,1.09903579045027,1.74689798439781,0,0,0,0
"metabat1.7.faa_contig436pilon_pilon_1120",0,1.18389527239187,1.14765426080542,0,0,0,0,0,0,0,0.516148531667395,1.75709288071739,0,0,0,0,0,0
"metabat1.7.faa_contig436pilon_pilon_1121",0,0,1.14765426080542,0,0,0,0,0,0,0,0.89550771308478,0.67359331525981,0,0,0,0,0,0
"metabat1.7.faa_contig436pilon_pilon_1122",0,0.509913214608311,1.90108923408269,0,0,0,0,0,0,1.11645381230496,1.19559746605447,1.4777407110858,0,0,0,0,1.29176539221842,0
"metabat1.7.faa_contig436pilon_pilon_1123",0.785936028605364,1.43074458043053,2.30756971923906,1.7610687491275,1.16619325035431,2.40967275086044,0,0,0,1.73823503865256,2.15090332733127,1.13098460611101,0,0,0,0,1.29176539221842,0
"metabat1.7.faa_contig436pilon_pilon_1125",0.785936028605364,0.88590938112637,0.38281488519608,0,0,0,0,0,0,0,0.516148531667395,0,0,0,0,0,0,0
"metabat1.7.faa_contig436pilon_pilon_1126",1.96230563626242,0.509913214608311,1.90108923408269,0,0,0,0,0,0,0,1.840279242946,1.4777407110858,0,0,0,0,0,0
"metabat1.7.faa_contig436pilon_pilon_1127",0,0,1.4973827041834,0,0,0,0,0,0,0,0,0.67359331525981,0,0,0,0,0,0
"metabat1.7.faa_contig436pilon_pilon_1130",0.785936028605364,0.88590938112637,1.33308998856978,0,0,0,0,0,0,1.11645381230496,1.840279242946,0,0,0,0,0,0,0
"metabat1.7.faa_contig436pilon_pilon_1131",0.785936028605364,1.43074458043053,0.38281488519608,0,0,0,0,0,0,0,0.89550771308478,0.67359331525981,0,0,0,0,0,0
"metabat1.7.faa_contig436pilon_pilon_1134",2.91032890151629,2.38946916323308,2.94212696831667,0,0,0,0,0,0,0,2.40635221835154,2.66797545578142,2.47727817412133,0,0,0,0,0
"metabat1.7.faa_contig436pilon_pilon_1135",2.20822168944952,2.38946916323308,2.88392414889163,1.1340537405337,0,0,0,0,0,1.11645381230496,0.89550771308478,0.67359331525981,0,0,0,0,1.29176539221842,0
"metabat1.7.faa_contig436pilon_pilon_1136",2.91032890151629,2.38946916323308,2.88392414889163,1.1340537405337,0,0,0,0,0,2.77413745748303,2.62330189181478,1.4777407110858,1.09903579045027,0,1.1340537405337,0,0,0
"metabat1.7.faa_contig436pilon_pilon_1137",0.785936028605364,2.50172189281124,1.90108923408269,0,0,2.15407448615294,0,0,0,1.73823503865256,2.00393517636671,1.4777407110858,2.14611569478379,1.74689798439781,0,0,0,0
"metabat1.7.faa_contig436pilon_pilon_1138",0,1.18389527239187,1.14765426080542,0,0,0,0,0,0,0,0.516148531667395,0.67359331525981,0,0,0,0,0,0
"metabat1.7.faa_contig436pilon_pilon_1139",2.76419434237269,1.18389527239187,2.30756971923906,1.7610687491275,1.16619325035431,1.44647599839007,0,0,0,0,1.65565457285634,1.4777407110858,1.09903579045027,1.12312357938219,0,0,0,0
"metabat1.7.faa_contig436pilon_pilon_114",0.785936028605364,0.509913214608311,0,1.1340537405337,1.80255518101465,1.44647599839007,0,0,0,0,1.44388713727703,0,0,0,1.1340537405337,0,1.96219704722974,0
"metabat1.7.faa_contig436pilon_pilon_1140",0.785936028605364,0,1.33308998856978,0,0,1.44647599839007,0,0,0,1.73823503865256,1.44388713727703,1.75709288071739,1.09903579045027,0,1.1340537405337,0,0,0
"metabat1.7.faa_contig436pilon_pilon_1141",1.66568014541256,1.18389527239187,1.33308998856978,0,0,0.897401199107369,0,0,0,0,0.89550771308478,1.13098460611101,0,0,0,0,0,0
"metabat1.7.faa_contig436pilon_pilon_1142",0,0.509913214608311,1.4973827041834,1.7610687491275,1.16619325035431,0,1.37979066905676,0,0,1.73823503865256,2.15090332733127,1.75709288071739,2.14611569478379,0,0,0,0,0
"metabat1.7.faa_contig436pilon_pilon_1143",2.41826115096941,2.26773977122091,2.30756971923906,0,0,0,0,0,0,0,2.15090332733127,2.91560668555758,1.09903579045027,0,0,0,0,0
"metabat1.7.faa_contig436pilon_pilon_1144",0,0.509913214608311,0.38281488519608,0,0,0,0,0,0,1.73823503865256,2.00393517636671,0.67359331525981,0,0,0,0,0,0
"metabat1.7.faa_contig436pilon_pilon_1145",2.91032890151629,2.13478485261146,3.2023945824784,2.19668159538169,1.80255518101465,1.84322922738708,1.37979066905676,0,0,1.11645381230496,2.72065470380689,3.39515229077606,2.7464361614707,1.12312357938219,1.7610687491275,0,1.29176539221842,0
"metabat1.7.faa_contig436pilon_pilon_1146",1.66568014541256,2.38946916323308,3.24925354318237,1.7610687491275,1.80255518101465,2.15407448615294,0,0,0,1.11645381230496,3.05523864457788,2.52615053480768,2.97318671073354,2.51417842914998,3.22700466328771,0,1.96219704722974,0
"metabat1.7.faa_contig436pilon_pilon_1147",0.785936028605364,1.43074458043053,2.30756971923906,1.1340537405337,0,3.13165008026539,1.37979066905676,0,0,2.17133542639018,2.72065470380689,2.19227141791183,1.09903579045027,1.12312357938219,1.1340537405337,0,1.29176539221842,0
"metabat1.7.faa_contig436pilon_pilon_1148",0.785936028605364,1.18389527239187,0.38281488519608,0,0,0.897401199107369,0,0,0,0,0,0.67359331525981,1.71555497817818,1.12312357938219,0,0,0,0
"metabat1.7.faa_contig436pilon_pilon_1149",1.66568014541256,0.509913214608311,2.62433913730106,0,0,0,0,0,0,1.11645381230496,0.89550771308478,1.4777407110858,0,1.74689798439781,0,0,0,0
"metabat1.7.faa_contig436pilon_pilon_115",0.785936028605364,0.88590938112637,1.14765426080542,1.1340537405337,0,0.897401199107369,0,0,0,0,0.89550771308478,0.67359331525981,1.71555497817818,0,0,0,1.29176539221842,0
"metabat1.7.faa_contig436pilon_pilon_1151",0.785936028605364,1.82529197697292,1.33308998856978,1.1340537405337,0,0,0,0,0,0,0.89550771308478,1.4777407110858,0,0,0,0,0,0
"metabat1.7.faa_contig436pilon_pilon_1152",0,2.26773977122091,2.47463106669557,0,0,1.84322922738708,0,1.35258389846972,0,0,1.19559746605447,1.75709288071739,0,0,1.1340537405337,0,1.29176539221842,0
"metabat1.7.faa_contig436pilon_pilon_1154",0,0.509913214608311,1.14765426080542,0,0,0,0,0,0,0,0.516148531667395,0,0,0,0,0,0,0
"metabat1.7.faa_contig436pilon_pilon_1155",1.29185180527056,1.82529197697292,1.33308998856978,0,0,0.897401199107369,0,0,0,0,1.44388713727703,0.67359331525981,1.09903579045027,0,0,0,0,0
"metabat1.7.faa_contig436pilon_pilon_1156",0,1.18389527239187,1.4973827041834,1.1340537405337,0,0,0,0,0,2.17133542639018,1.840279242946,1.99102887400464,0,1.12312357938219,0,0,0,0
"metabat1.7.faa_contig436pilon_pilon_1157",0.785936028605364,0,0.934818605712233,0,0,0,0,0,0,0,0.89550771308478,0.67359331525981,1.09903579045027,0,0,1.29118405857877,0,0
"metabat1.7.faa_contig436pilon_pilon_1158",1.29185180527056,1.43074458043053,1.77865745269737,0,0,1.44647599839007,0,2.0382190429837,0,0,1.840279242946,1.4777407110858,1.71555497817818,0,0,0,0,0
"metabat1.7.faa_contig436pilon_pilon_1160",0,1.64146402980544,0.934818605712233,0,0,0.897401199107369,0,0,0,1.11645381230496,1.65565457285634,1.4777407110858,1.09903579045027,0,0,1.29118405857877,0,0
"metabat1.7.faa_contig436pilon_pilon_1163",1.29185180527056,0.88590938112637,1.14765426080542,0,0,0,0,0,0,1.73823503865256,1.19559746605447,0,0,0,0,0,0,0
"metabat1.7.faa_contig436pilon_pilon_1164",0,1.64146402980544,1.14765426080542,0,0,0,0,0,0,0,0.516148531667395,0,0,0,0,0,0,0
"metabat1.7.faa_contig436pilon_pilon_1167",0.785936028605364,1.43074458043053,0.685058202165542,0,0,0,0,0,0,0,1.65565457285634,0,0,0,0,1.29118405857877,0,0
"metabat1.7.faa_contig436pilon_pilon_1168",0,0.88590938112637,0,1.1340537405337,0,0,0,0,0,0,0.89550771308478,0,0,0,1.1340537405337,1.29118405857877,0,0
"metabat1.7.faa_contig436pilon_pilon_1169",1.29185180527056,1.64146402980544,0.685058202165542,1.1340537405337,0,1.44647599839007,0,0,0,1.11645381230496,0.516148531667395,1.75709288071739,0,0,0,0,0,0
"metabat1.7.faa_contig436pilon_pilon_117",1.29185180527056,0.88590938112637,0.934818605712233,0,0,0,0,0,0,0,0.89550771308478,0.67359331525981,1.09903579045027,0,0,0,0,0
"metabat1.7.faa_contig436pilon_pilon_1170",0,0,0.685058202165542,2.19668159538169,1.16619325035431,2.81536084815067,0,0,0,0,0,0,2.14611569478379,1.12312357938219,1.1340537405337,0,2.41814240401883,0
"metabat1.7.faa_contig436pilon_pilon_1171",1.66568014541256,1.18389527239187,0.934818605712233,2.19668159538169,1.16619325035431,1.84322922738708,0,0,0,0,2.62330189181478,1.13098460611101,0,1.74689798439781,1.1340537405337,0,0,0
"metabat1.7.faa_contig436pilon_pilon_1172",1.29185180527056,0,2.21617578280615,1.1340537405337,1.16619325035431,0,0,0,0,0,0.516148531667395,2.91560668555758,0,0,1.1340537405337,0,0,0
"metabat1.7.faa_contig436pilon_pilon_1175",0.785936028605364,0.509913214608311,1.14765426080542,0,0,0,0,0,0,0,0,0.67359331525981,0,0,0,0,0,0
"metabat1.7.faa_contig436pilon_pilon_1176",0,1.98832176012744,1.14765426080542,0,0,0,0,0,0,0,1.44388713727703,1.4777407110858,0,0,0,0,0,0
"metabat1.7.faa_contig436pilon_pilon_1177",3.95272612376576,3.30790282016009,3.90483447956355,1.1340537405337,0,2.62673007810211,1.37979066905676,1.35258389846972,0,2.17133542639018,2.81185139127062,4.23658626360847,2.47727817412133,2.51417842914998,0,1.29118405857877,0,0
"metabat1.7.faa_contig436pilon_pilon_1178",0.785936028605364,1.18389527239187,2.01393892571283,0,0,0,0,0,0,2.17133542639018,0.516148531667395,1.13098460611101,0,2.78469305237248,0,0,0,0
"metabat1.7.faa_contig436pilon_pilon_1179",0.785936028605364,2.26773977122091,1.4973827041834,0,0,0,0,0,0,0,1.44388713727703,1.13098460611101,0,0,0,0,0,0
"metabat1.7.faa_contig436pilon_pilon_118",0.785936028605364,0.88590938112637,0.38281488519608,0,0,0,0,0,0,0,0.89550771308478,0.67359331525981,0,0,0,0,0,0
"metabat1.7.faa_contig436pilon_pilon_1180",1.29185180527056,1.64146402980544,2.11859814958117,0,0,0.897401199107369,0,0,0,1.11645381230496,0.89550771308478,1.13098460611101,1.09903579045027,0,1.7610687491275,0,0,0
"metabat1.7.faa_contig436pilon_pilon_1181",1.66568014541256,1.82529197697292,2.75996219574681,1.1340537405337,0,2.15407448615294,0,0,0,1.11645381230496,2.72065470380689,2.91560668555758,0,0,1.1340537405337,0,0,0
"metabat1.7.faa_contig436pilon_pilon_1183",0,0,1.90108923408269,0,0,0,0,0,0,0,0.89550771308478,1.13098460611101,0,0,0,0,0,0
"metabat1.7.faa_contig436pilon_pilon_1184",0,0,0,0,0,1.44647599839007,0,0,0,0,1.19559746605447,0,0,0,0,0,0,0
"metabat1.7.faa_contig436pilon_pilon_1185",0.785936028605364,1.64146402980544,0.38281488519608,0,0,0,0,0,0,0,1.44388713727703,0,0,0,0,0,0,0
"metabat1.7.faa_contig436pilon_pilon_1186",0,1.64146402980544,0.934818605712233,0,0,0,0,0,0,0,0.516148531667395,1.75709288071739,0,0,1.1340537405337,0,0,0
"metabat1.7.faa_contig436pilon_pilon_1187",0.785936028605364,2.13478485261146,0.934818605712233,0,0,1.44647599839007,0,0,0,0,2.15090332733127,1.75709288071739,0,1.74689798439781,0,0,0,0
"metabat1.7.faa_contig436pilon_pilon_1190",0,1.18389527239187,0.685058202165542,0,0,0,0,0,0,0,1.65565457285634,0.67359331525981,0,0,0,0,0,0
"metabat1.7.faa_contig436pilon_pilon_1191",0.785936028605364,1.18389527239187,0.38281488519608,0,0,0.897401199107369,0,0,0,0,1.19559746605447,0,0,0,0,0,0,0
"metabat1.7.faa_contig436pilon_pilon_1192",0,0,1.33308998856978,0,0,0,0,0,0,1.11645381230496,0,0,0,1.12312357938219,0,0,0,0
"metabat1.7.faa_contig436pilon_pilon_1193",0,0,1.14765426080542,0,0,0,0,0,0,0,0,1.13098460611101,0,0,0,0,0,0
"metabat1.7.faa_contig436pilon_pilon_1194",1.29185180527056,0.88590938112637,1.14765426080542,0,0,0,0,0,0,0,1.840279242946,1.13098460611101,0,1.74689798439781,0,0,0,0
"metabat1.7.faa_contig436pilon_pilon_120",0,1.18389527239187,1.64486408351293,0,0,0,0,0,0,0,0.89550771308478,0.67359331525981,0,0,0,0,0,0
"metabat1.7.faa_contig436pilon_pilon_1201",1.29185180527056,1.18389527239187,2.30756971923906,0,0,1.44647599839007,0,0,0,1.11645381230496,1.840279242946,1.4777407110858,0,0,0,0,0,0
"metabat1.7.faa_contig436pilon_pilon_1203",0,0.509913214608311,0.38281488519608,0,0,0,0,0,0,0,1.44388713727703,0.67359331525981,0,0,0,0,0,0
"metabat1.7.faa_contig436pilon_pilon_1204",0,1.64146402980544,1.14765426080542,0,0,0,0,0,0,0,1.19559746605447,0,0,0,0,0,0,0
"metabat1.7.faa_contig436pilon_pilon_1206",0.785936028605364,1.82529197697292,1.14765426080542,0,0,0,0,0,0,0,1.44388713727703,1.13098460611101,0,0,0,0,0,0
"metabat1.7.faa_contig436pilon_pilon_1207",2.41826115096941,0.88590938112637,1.77865745269737,0,0,0,0,0,0,1.11645381230496,2.15090332733127,1.13098460611101,0,0,0,0,0,0
"metabat1.7.faa_contig436pilon_pilon_1208",0.785936028605364,0,1.33308998856978,0,0,0,0,0,0,0,0.516148531667395,1.4777407110858,0,0,0,0,0,0
"metabat1.7.faa_contig436pilon_pilon_121",0.785936028605364,0.509913214608311,0.934818605712233,0,0,1.44647599839007,0,0,0,1.11645381230496,0.89550771308478,0,0,0,1.7610687491275,0,0,0
"metabat1.7.faa_contig436pilon_pilon_1211",0,1.64146402980544,0.934818605712233,1.7610687491275,0,0,0,0,0,0,0,0.67359331525981,0,0,0,0,0,0
"metabat1.7.faa_contig436pilon_pilon_1212",0.785936028605364,0.509913214608311,0.934818605712233,0,0,0,0,0,0,0,0,0,0,0,1.1340537405337,0,0,0
"metabat1.7.faa_contig436pilon_pilon_1213",1.66568014541256,1.43074458043053,2.01393892571283,0,0,0,0,0,0,0,0.89550771308478,1.4777407110858,0,0,0,0,0,0
"metabat1.7.faa_contig436pilon_pilon_1214",1.29185180527056,1.43074458043053,1.4973827041834,1.7610687491275,0,0,0,0,0,1.11645381230496,2.15090332733127,0.67359331525981,0,0,0,0,0,0
"metabat1.7.faa_contig436pilon_pilon_1217",0,0,0.685058202165542,0,0,0,0,0,0,0,1.19559746605447,1.13098460611101,0,0,0,0,0,0
"metabat1.7.faa_contig436pilon_pilon_1218",0,0,0.685058202165542,0,0,0,0,0,0,0,1.19559746605447,0,1.09903579045027,0,0,0,0,0
"metabat1.7.faa_contig436pilon_pilon_1219",0.785936028605364,1.64146402980544,0.685058202165542,0,0,0,0,0,0,0,1.65565457285634,0,0,0,0,1.29118405857877,1.29176539221842,0
"metabat1.7.faa_contig436pilon_pilon_122",0,0.509913214608311,0.38281488519608,0,0,0,0,0,0,0,1.65565457285634,0,0,0,0,0,0,0
"metabat1.7.faa_contig436pilon_pilon_1220",1.96230563626242,0.509913214608311,0.38281488519608,0,0,0,0,0,0,0,0,0.67359331525981,0,0,0,0,0,0
"metabat1.7.faa_contig436pilon_pilon_1223",3.04301307761808,3.2447791097307,2.99807247709387,3.40025988685526,2.57936124805689,4.55030947982184,2.07197274134539,0,1.52740029239538,3.00158663115357,2.97858288508698,3.0251155373296,3.34154722355649,3.38203703533331,3.22700466328771,1.29118405857877,2.41814240401883,0
"metabat1.7.faa_contig436pilon_pilon_1224",0,0.88590938112637,0.934818605712233,0,0,0,0,0,0,0,0.516148531667395,0,0,0,0,0,0,0
"metabat1.7.faa_contig436pilon_pilon_1225",0,0.88590938112637,0.38281488519608,0,0,0.897401199107369,0,0,0,0,0.89550771308478,1.13098460611101,0,0,0,0,0,0
"metabat1.7.faa_contig436pilon_pilon_1226",0.785936028605364,1.18389527239187,1.33308998856978,0,1.16619325035431,0.897401199107369,0,0,0,0,1.19559746605447,0,1.09903579045027,0,0,0,0,0
"metabat1.7.faa_contig436pilon_pilon_1227",1.66568014541256,1.43074458043053,2.39351721646857,3.03006654447673,2.57936124805689,2.40967275086044,0,0,0,0,0.89550771308478,1.75709288071739,2.7464361614707,1.74689798439781,2.53081550425397,0,0,0
"metabat1.7.faa_contig436pilon_pilon_1228",0,1.82529197697292,0.685058202165542,0,0,0,0,0,0,0,0.516148531667395,0.67359331525981,0,0,0,0,0,0
"metabat1.7.faa_contig436pilon_pilon_1229",0,1.18389527239187,1.33308998856978,0,0,1.44647599839007,0,0,0,0,1.19559746605447,1.13098460611101,0,2.1809567813732,0,0,0,0
"metabat1.7.faa_contig436pilon_pilon_123",0,0.509913214608311,0.685058202165542,0,0,0,0,0,0,0,0.516148531667395,0,0,0,0,1.29118405857877,0,0
"metabat1.7.faa_contig436pilon_pilon_1231",0.785936028605364,0.88590938112637,1.33308998856978,0,0,0,0,0,0,0,0.89550771308478,1.75709288071739,0,0,0,0,0,0
"metabat1.7.faa_contig436pilon_pilon_1232",0,0.509913214608311,0.685058202165542,0,1.16619325035431,0,0,0,0,0,0.89550771308478,0.67359331525981,0,0,0,0,0,0
"metabat1.7.faa_contig436pilon_pilon_1233",0.785936028605364,1.82529197697292,0.38281488519608,0,0,0,0,0,0,0,1.19559746605447,0.67359331525981,0,2.1809567813732,0,0,0,0
"metabat1.7.faa_contig436pilon_pilon_1234",1.29185180527056,1.64146402980544,0.685058202165542,0,0,0,0,0,0,0,0.89550771308478,0.67359331525981,0,0,1.1340537405337,0,0,0
"metabat1.7.faa_contig436pilon_pilon_1235",0,0.509913214608311,0,0,0,0,0,0,0,0,1.44388713727703,0,0,0,0,0,0,0
"metabat1.7.faa_contig436pilon_pilon_1236",0.785936028605364,1.82529197697292,0.934818605712233,0,0,0,0,0,0,0,1.44388713727703,0,0,1.12312357938219,0,0,0,0
"metabat1.7.faa_contig436pilon_pilon_1237",0.785936028605364,1.43074458043053,0.685058202165542,0,0,0,0,0,0,1.73823503865256,1.19559746605447,1.13098460611101,0,0,1.1340537405337,0,1.29176539221842,0
"metabat1.7.faa_contig436pilon_pilon_1238",0,1.82529197697292,0,0,0,0,0,0,0,0,0.89550771308478,0,0,0,0,0,0,0
"metabat1.7.faa_contig436pilon_pilon_1239",1.66568014541256,0.509913214608311,0.685058202165542,0,0,0,0,0,0,0,0.89550771308478,1.13098460611101,0,0,0,0,0,1.46983126765765
"metabat1.7.faa_contig436pilon_pilon_1242",0,0.509913214608311,0.685058202165542,0,0,0,0,0,0,0,0.89550771308478,0,1.09903579045027,0,0,0,0,0
"metabat1.7.faa_contig436pilon_pilon_1243",3.81103850796967,2.87960148378125,3.54051334423247,3.40025988685526,3.27936919850574,5.11460003444266,0,0,1.52740029239538,3.00158663115357,2.51890127711715,3.87636351787433,4.18044402661824,2.78469305237248,2.80193012411026,1.9614664838957,1.29176539221842,0
"metabat1.7.faa_contig436pilon_pilon_1244",0,0,1.33308998856978,1.1340537405337,0,2.15407448615294,0,0,0,0,0.89550771308478,0,0,2.1809567813732,0,0,0,0
"metabat1.7.faa_contig436pilon_pilon_1245",0,0.509913214608311,0.38281488519608,0,0,2.98215586941322,0,0,0,0,1.19559746605447,0.67359331525981,0,0,1.1340537405337,0,0,0
"metabat1.7.faa_contig436pilon_pilon_1246",1.29185180527056,0,1.33308998856978,1.7610687491275,0,0.897401199107369,0,1.35258389846972,0,2.17133542639018,1.19559746605447,1.75709288071739,1.71555497817818,1.12312357938219,1.1340537405337,0,0,0
"metabat1.7.faa_contig436pilon_pilon_1247",0,0.509913214608311,0.934818605712233,0,0,0.897401199107369,0,0,0,1.11645381230496,0.516148531667395,0.67359331525981,1.09903579045027,0,0,0,0,0
"metabat1.7.faa_contig436pilon_pilon_1248",2.76419434237269,2.50172189281124,4.1713246637757,2.19668159538169,2.85218620740818,2.81536084815067,1.37979066905676,0,0,3.19801267565096,1.840279242946,4.32490456016521,1.09903579045027,1.74689798439781,3.69459678192323,1.29118405857877,0,0
"metabat1.7.faa_contig436pilon_pilon_1249",0,0,1.14765426080542,1.1340537405337,0,0,0,0,0,0,1.19559746605447,0,0,0,0,0,0,0
"metabat1.7.faa_contig436pilon_pilon_125",2.20822168944952,2.13478485261146,2.30756971923906,0,0,0.897401199107369,0,0,0,1.11645381230496,2.51890127711715,1.99102887400464,0,0,1.1340537405337,0,0,1.46983126765765
"metabat1.7.faa_contig436pilon_pilon_1250",1.29185180527056,0.509913214608311,1.77865745269737,0,1.16619325035431,0,0,0,0,0,0.89550771308478,0.67359331525981,0,0,0,0,0,0
"metabat1.7.faa_contig436pilon_pilon_1251",0.785936028605364,1.98832176012744,1.33308998856978,1.7610687491275,0,1.44647599839007,2.07197274134539,0,0,0,0.516148531667395,0,1.09903579045027,0,0,0,0,1.46983126765765
"metabat1.7.faa_contig436pilon_pilon_1253",0,0.509913214608311,0.685058202165542,0,0,0,0,0,0,0,0.516148531667395,1.4777407110858,0,0,0,0,0,0
"metabat1.7.faa_contig436pilon_pilon_1254",0,1.18389527239187,1.4973827041834,1.1340537405337,0,0,0,0,0,1.73823503865256,1.65565457285634,0,0,0,0,0,0,0
"metabat1.7.faa_contig436pilon_pilon_1255",1.29185180527056,2.13478485261146,1.4973827041834,0,0,0,0,0,0,0,1.840279242946,1.75709288071739,1.09903579045027,0,1.1340537405337,1.29118405857877,0,0
"metabat1.7.faa_contig436pilon_pilon_1256",0,0.509913214608311,0,0,0,0.897401199107369,0,0,0,1.11645381230496,0,0,1.09903579045027,0,0,1.9614664838957,0,0
"metabat1.7.faa_contig436pilon_pilon_1258",0,0,0.685058202165542,0,0,0,0,0,0,0,0.89550771308478,0.67359331525981,0,0,0,0,0,0
"metabat1.7.faa_contig436pilon_pilon_1259",0,0.88590938112637,0,1.1340537405337,0,0.897401199107369,0,0,0,0,0,0.67359331525981,0,0,0,0,0,0
"metabat1.7.faa_contig436pilon_pilon_126",0,1.18389527239187,1.77865745269737,0,0,0.897401199107369,0,0,0,0,1.65565457285634,1.75709288071739,2.14611569478379,0,0,0,0,0
"metabat1.7.faa_contig436pilon_pilon_1260",0,1.64146402980544,1.14765426080542,1.7610687491275,0,0,0,0,0,0,0.89550771308478,0.67359331525981,0,0,1.1340537405337,0,0,0
"metabat1.7.faa_contig436pilon_pilon_1262",0,1.18389527239187,0.38281488519608,0,0,0,0,0,0,0,0.89550771308478,0,0,0,0,0,0,0
"metabat1.7.faa_contig436pilon_pilon_1263",2.20822168944952,1.64146402980544,1.4973827041834,0,0,0,0,0,0,0,1.19559746605447,1.13098460611101,0,0,2.19668159538169,0,0,0
"metabat1.7.faa_contig436pilon_pilon_1265",0,2.26773977122091,1.14765426080542,0,0,0,0,0,0,0,2.15090332733127,1.4777407110858,1.09903579045027,1.74689798439781,0,0,0,0
"metabat1.7.faa_contig436pilon_pilon_1266",1.96230563626242,2.13478485261146,1.4973827041834,0,0,0,0,0,0,1.11645381230496,1.840279242946,2.19227141791183,1.09903579045027,0,0,1.29118405857877,0,0
"metabat1.7.faa_contig436pilon_pilon_1268",0,1.18389527239187,1.90108923408269,3.03006654447673,3.99369705920218,2.81536084815067,0,0,1.52740029239538,1.11645381230496,1.65565457285634,2.36884809447434,2.47727817412133,4.39431316089585,2.19668159538169,0,1.29176539221842,1.46983126765765
"metabat1.7.faa_contig436pilon_pilon_1269",0,0.509913214608311,1.14765426080542,1.1340537405337,1.80255518101465,0,0,0,0,0,0.89550771308478,1.13098460611101,0,3.01240483997652,0,0,0,0
"metabat1.7.faa_contig436pilon_pilon_127",2.20822168944952,2.38946916323308,2.30756971923906,1.1340537405337,0,2.15407448615294,0,0,0,1.11645381230496,2.62330189181478,1.13098460611101,1.71555497817818,0,1.1340537405337,1.29118405857877,0,0
"metabat1.7.faa_contig436pilon_pilon_1270",0.785936028605364,3.03692475438397,1.77865745269737,3.40025988685526,3.60853581039944,2.81536084815067,1.37979066905676,0,0,1.11645381230496,2.62330189181478,1.75709288071739,2.14611569478379,3.53650372487776,3.40025988685526,0,0,0
"metabat1.7.faa_contig436pilon_pilon_1271",0,1.43074458043053,2.11859814958117,0,0,0,0,0,0,1.11645381230496,4.00491729558509,0,0,0,0,0,0,0
"metabat1.7.faa_contig436pilon_pilon_1272",1.66568014541256,1.98832176012744,2.01393892571283,0,0,0,0,0,0,0,4.49227692048488,2.19227141791183,0,0,0,0,0,0
"metabat1.7.faa_contig436pilon_pilon_1273",0.785936028605364,1.43074458043053,1.77865745269737,1.1340537405337,1.16619325035431,0,0,0,0,1.11645381230496,1.840279242946,1.4777407110858,0,1.12312357938219,0,0,1.29176539221842,0
"metabat1.7.faa_contig436pilon_pilon_1274",1.29185180527056,1.18389527239187,0,1.1340537405337,0,0,0,0,0,0,1.44388713727703,1.13098460611101,1.09903579045027,0,0,1.29118405857877,0,0
"metabat1.7.faa_contig436pilon_pilon_1275",0,1.43074458043053,2.11859814958117,1.1340537405337,0,0,0,0,0,0,1.65565457285634,0,0,0,0,0,0,0
"metabat1.7.faa_contig436pilon_pilon_1276",0,0.88590938112637,0,0,0,0.897401199107369,0,0,0,0,0.89550771308478,1.4777407110858,1.09903579045027,0,0,0,0,0
"metabat1.7.faa_contig436pilon_pilon_1279",0.785936028605364,1.82529197697292,1.90108923408269,0,0,0,0,0,0,0,1.65565457285634,1.4777407110858,1.09903579045027,0,1.1340537405337,0,0,0
"metabat1.7.faa_contig436pilon_pilon_128",0,0.88590938112637,1.14765426080542,0,0,0,0,0,0,1.11645381230496,1.19559746605447,1.4777407110858,1.71555497817818,0,0,1.29118405857877,0,0
"metabat1.7.faa_contig436pilon_pilon_1280",1.66568014541256,0.509913214608311,2.5514261270497,0,0,0,0,0,0,1.73823503865256,4.18628571273477,2.91560668555758,0,0,0,0,0,0
"metabat1.7.faa_contig436pilon_pilon_1281",1.96230563626242,1.18389527239187,0.934818605712233,0,0,0.897401199107369,0,0,0,2.50399368872529,4.04306096170751,1.13098460611101,0,0,0,0,0,0
"metabat1.7.faa_contig436pilon_pilon_1282",0.785936028605364,0.509913214608311,0.685058202165542,1.7610687491275,1.16619325035431,1.44647599839007,0,0,0,0,1.44388713727703,1.13098460611101,0,0,1.1340537405337,0,0,0
"metabat1.7.faa_contig436pilon_pilon_1284",1.66568014541256,1.64146402980544,2.39351721646857,1.7610687491275,0,0.897401199107369,0,0,0,0,1.44388713727703,1.99102887400464,0,1.12312357938219,1.1340537405337,0,0,0
"metabat1.7.faa_contig436pilon_pilon_1285",0,0,0.934818605712233,1.7610687491275,1.16619325035431,0.897401199107369,0,0,0,1.11645381230496,0.89550771308478,1.13098460611101,0,0,1.1340537405337,0,0,0
"metabat1.7.faa_contig436pilon_pilon_1286",0,0.509913214608311,0.934818605712233,0,0,0.897401199107369,0,0,0,1.11645381230496,0.89550771308478,0,0,0,0,0,0,0
"metabat1.7.faa_contig436pilon_pilon_1287",0,0.509913214608311,0.38281488519608,1.7610687491275,0,1.44647599839007,1.37979066905676,0,0,0,1.19559746605447,1.4777407110858,0,0,1.7610687491275,1.9614664838957,0,0
"metabat1.7.faa_contig436pilon_pilon_1288",0.785936028605364,1.98832176012744,1.90108923408269,0,0,0,0,0,0,0,2.15090332733127,1.13098460611101,1.09903579045027,0,0,0,1.29176539221842,0
"metabat1.7.faa_contig436pilon_pilon_1289",0,1.18389527239187,0.38281488519608,0,0,0,0,0,0,0,0.516148531667395,1.99102887400464,0,0,0,0,0,0
"metabat1.7.faa_contig436pilon_pilon_129",1.29185180527056,0,1.4973827041834,0,0,0,0,0,0,0,1.44388713727703,2.19227141791183,0,0,0,0,0,0
"metabat1.7.faa_contig436pilon_pilon_1290",0,0.509913214608311,1.4973827041834,0,0,0,0,0,0,0,0,0,0,0,0,0,0,0
"metabat1.7.faa_contig436pilon_pilon_1291",0,1.82529197697292,0.934818605712233,0,0,0,0,0,0,0,0.516148531667395,0,0,0,0,0,0,0
"metabat1.7.faa_contig436pilon_pilon_1292",0,0.509913214608311,0.685058202165542,0,0,0.897401199107369,0,0,0,0,1.840279242946,0,1.71555497817818,0,0,0,0,0
"metabat1.7.faa_contig436pilon_pilon_1293",1.66568014541256,1.64146402980544,3.15396239376198,0,0,0,0,0,0,2.50399368872529,5.58148417083329,2.36884809447434,0,0,0,0,0,0
"metabat1.7.faa_contig436pilon_pilon_1294",1.29185180527056,0.509913214608311,0.685058202165542,0,0,0,0,0,0,0,1.44388713727703,0.67359331525981,0,0,0,0,0,0
"metabat1.7.faa_contig436pilon_pilon_1295",1.96230563626242,1.43074458043053,2.69374376525252,0,0,0,0,0,0,1.73823503865256,4.08022206321716,2.19227141791183,1.09903579045027,0,1.1340537405337,1.29118405857877,0,0
"metabat1.7.faa_contig436pilon_pilon_1296",0,1.18389527239187,1.14765426080542,0,0,0,0,0,0,0,3.9254643037264,0.67359331525981,0,0,0,0,0,0
"metabat1.7.faa_contig436pilon_pilon_1297",0,1.64146402980544,0.685058202165542,0,0,0,0,0,0,1.73823503865256,1.19559746605447,0.67359331525981,0,0,0,0,0,0
"metabat1.7.faa_contig436pilon_pilon_1298",2.76419434237269,2.13478485261146,3.57770714640537,0,0,1.44647599839007,0,0,0,1.73823503865256,5.88430117836351,1.75709288071739,0,0,0,0,1.96219704722974,0
"metabat1.7.faa_contig436pilon_pilon_1299",3.04301307761808,0.509913214608311,2.47463106669557,1.1340537405337,1.16619325035431,1.44647599839007,0,0,0,2.50399368872529,4.43605163491336,1.75709288071739,1.09903579045027,2.51417842914998,1.1340537405337,0,1.29176539221842,0
"metabat1.7.faa_contig436pilon_pilon_130",0,0,0.685058202165542,0,0,0,0,0,0,0,1.19559746605447,0.67359331525981,0,0,0,0,0,0
"metabat1.7.faa_contig436pilon_pilon_1300",0,1.43074458043053,0.38281488519608,0,0,0,0,0,0,0,0,1.75709288071739,0,0,0,0,0,0
"metabat1.7.faa_contig436pilon_pilon_1301",1.29185180527056,2.38946916323308,2.75996219574681,0,0,0,2.07197274134539,0,0,1.73823503865256,5.03693335549562,2.52615053480768,0,1.12312357938219,0,0,0,0
"metabat1.7.faa_contig436pilon_pilon_1302",0.785936028605364,0.509913214608311,1.33308998856978,0,0,0.897401199107369,0,0,0,0,4.28508296568098,1.13098460611101,0,0,0,0,0,0
"metabat1.7.faa_contig436pilon_pilon_1303",0.785936028605364,0.88590938112637,0,0,0,0,0,0,0,0,0.89550771308478,0,0,0,0,0,0,0
"metabat1.7.faa_contig436pilon_pilon_1304",0,1.18389527239187,0,0,0,0,0,0,0,0,1.19559746605447,0,0,0,0,0,0,0
"metabat1.7.faa_contig436pilon_pilon_1305",0.785936028605364,1.64146402980544,2.21617578280615,2.19668159538169,0,1.44647599839007,0,0,0,1.11645381230496,1.44388713727703,0.67359331525981,2.47727817412133,1.74689798439781,0,1.29118405857877,1.29176539221842,0
"metabat1.7.faa_contig436pilon_pilon_1306",1.29185180527056,0.88590938112637,0.685058202165542,0,1.16619325035431,0.897401199107369,0,0,0,0,1.19559746605447,0,0,0,1.1340537405337,0,0,0
"metabat1.7.faa_contig436pilon_pilon_1307",1.29185180527056,0.509913214608311,1.4973827041834,1.1340537405337,0,2.40967275086044,0,0,0,0,1.44388713727703,1.13098460611101,0,0,0,0,1.29176539221842,0
"metabat1.7.faa_contig436pilon_pilon_1308",0,0.88590938112637,1.14765426080542,0,0,0.897401199107369,0,0,0,0,0.89550771308478,0.67359331525981,1.09903579045027,1.12312357938219,0,0,0,0
"metabat1.7.faa_contig436pilon_pilon_1309",1.29185180527056,2.13478485261146,2.01393892571283,0,0,0.897401199107369,0,0,0,1.11645381230496,1.44388713727703,2.52615053480768,1.71555497817818,1.12312357938219,1.1340537405337,0,0,0
"metabat1.7.faa_contig436pilon_pilon_131",0,1.43074458043053,1.14765426080542,1.1340537405337,0,0,0,0,0,0,0,1.13098460611101,0,0,0,0,0,0
"metabat1.7.faa_contig436pilon_pilon_1310",0.785936028605364,1.43074458043053,2.39351721646857,0,2.57936124805689,2.15407448615294,0,0,0,1.73823503865256,0.516148531667395,1.99102887400464,1.09903579045027,1.12312357938219,2.53081550425397,0,0,0
"metabat1.7.faa_contig436pilon_pilon_1311",1.66568014541256,2.50172189281124,2.62433913730106,1.1340537405337,1.16619325035431,3.13165008026539,0,2.0382190429837,0,0,3.70528148982604,2.91560668555758,2.47727817412133,1.12312357938219,1.1340537405337,0,0,0
"metabat1.7.faa_contig436pilon_pilon_1312",5.21763910030386,6.35715126792606,5.16778315026988,0,0,0,0,0,0,4.60660074038263,8.16725784250435,4.56142083933636,0,0,0,0,0,0
"metabat1.7.faa_contig436pilon_pilon_1313",1.66568014541256,2.13478485261146,1.4973827041834,0,1.16619325035431,0,0,0,0,0,2.40635221835154,0.67359331525981,0,0,0,0,0,0
"metabat1.7.faa_contig436pilon_pilon_1314",2.41826115096941,0.88590938112637,0.38281488519608,0,0,1.84322922738708,0,0,0,0,1.44388713727703,0.67359331525981,0,1.74689798439781,0,0,0,0
"metabat1.7.faa_contig436pilon_pilon_1316",0,1.64146402980544,1.33308998856978,1.1340537405337,0,0,0,0,0,1.11645381230496,1.19559746605447,1.13098460611101,0,0,0,0,0,0
"metabat1.7.faa_contig436pilon_pilon_1317",1.66568014541256,0.88590938112637,1.64486408351293,0,0,0,0,0,0,2.17133542639018,0.89550771308478,1.99102887400464,0,0,1.1340537405337,0,0,0
"metabat1.7.faa_contig436pilon_pilon_1318",0,1.64146402980544,1.14765426080542,0,0,0.897401199107369,0,0,0,0,1.19559746605447,0.67359331525981,0,0,1.1340537405337,1.29118405857877,2.41814240401883,0
"metabat1.7.faa_contig436pilon_pilon_1319",0.785936028605364,1.43074458043053,0.934818605712233,0,0,0,0,0,0,0,1.19559746605447,2.19227141791183,1.09903579045027,0,0,0,0,0
"metabat1.7.faa_contig436pilon_pilon_132",0,0.88590938112637,1.33308998856978,1.7610687491275,1.16619325035431,0.897401199107369,0,0,0,0,0.89550771308478,0.67359331525981,0,1.12312357938219,0,0,0,0
"metabat1.7.faa_contig436pilon_pilon_1321",2.76419434237269,2.60586750229792,2.88392414889163,4.83183415457027,2.85218620740818,4.38144079109193,0,0,1.52740029239538,2.77413745748303,1.65565457285634,3.12689527349591,2.14611569478379,4.31113176005914,3.82193485693565,1.29118405857877,1.29176539221842,1.46983126765765
"metabat1.7.faa_contig436pilon_pilon_1322",1.66568014541256,1.98832176012744,2.62433913730106,3.40025988685526,2.57936124805689,4.19015269404268,1.37979066905676,1.35258389846972,0,0,0.516148531667395,0.67359331525981,3.16909176668987,2.1809567813732,3.03006654447673,0,1.29176539221842,0
"metabat1.7.faa_contig436pilon_pilon_1323",0,2.13478485261146,0.38281488519608,1.1340537405337,0,0,0,0,0,1.11645381230496,0.89550771308478,0,1.09903579045027,1.12312357938219,1.7610687491275,0,0,0
"metabat1.7.faa_contig436pilon_pilon_1324",3.04301307761808,0.88590938112637,3.10384765804431,1.7610687491275,0,0,1.37979066905676,1.35258389846972,0,2.77413745748303,6.09867974085886,3.0251155373296,1.71555497817818,1.12312357938219,0,0,1.96219704722974,2.18262553826444
"metabat1.7.faa_contig436pilon_pilon_1325",1.29185180527056,0.509913214608311,1.90108923408269,0,1.16619325035431,0.897401199107369,0,0,0,0,3.05523864457788,1.4777407110858,0,0,0,0,0,0
"metabat1.7.faa_contig436pilon_pilon_1326",1.96230563626242,0.88590938112637,2.39351721646857,0,0,0,0,0,0,0,5.01790640539336,2.52615053480768,0,0,0,0,0,0
"metabat1.7.faa_contig436pilon_pilon_1327",3.27657521655722,0,3.46311926836477,0,0,0,0,0,0,2.77413745748303,6.58585218837005,3.54975961724173,0,0,0,0,0,0
"metabat1.7.faa_contig436pilon_pilon_1328",1.66568014541256,1.98832176012744,2.01393892571283,0,0,0,0,0,0,0,4.46443816464382,0.67359331525981,0,0,0,0,0,0
"metabat1.7.faa_contig436pilon_pilon_1329",3.27657521655722,3.73280877905224,3.33863871741216,0,0,0.897401199107369,0,0,1.52740029239538,1.73823503865256,6.1865021472362,3.47452603770725,0,0,0,1.29118405857877,0,0
"metabat1.7.faa_contig436pilon_pilon_133",0,0.88590938112637,0.38281488519608,0,0,0.897401199107369,0,0,0,0,0,0.67359331525981,0,0,0,0,0,0
"metabat1.7.faa_contig436pilon_pilon_1330",2.91032890151629,4.02349695572438,3.38133682150871,0,0,0,0,0,0,1.11645381230496,5.37268847572304,3.0251155373296,0,0,0,0,0,0
"metabat1.7.faa_contig436pilon_pilon_1331",0,1.64146402980544,0.934818605712233,0,0,0,0,0,0,0,1.44388713727703,0,0,0,0,0,0,0
"metabat1.7.faa_contig436pilon_pilon_1335",1.96230563626242,1.82529197697292,2.21617578280615,0,0,0.897401199107369,0,0,0,0,1.65565457285634,2.66797545578142,0,0,0,0,0,0
"metabat1.7.faa_contig436pilon_pilon_1336",1.29185180527056,0.509913214608311,0.934818605712233,0,0,1.44647599839007,0,0,0,0,1.19559746605447,0,0,0,0,0,0,0
"metabat1.7.faa_contig436pilon_pilon_1337",3.16451550209409,0.509913214608311,3.38133682150871,0,0,0,0,0,0,2.50399368872529,6.61779627859701,4.19031323789821,0,0,0,0,0,0
"metabat1.7.faa_contig436pilon_pilon_1338",1.29185180527056,0,0.934818605712233,0,0,0,0,0,0,0,1.44388713727703,0,0,0,0,0,0,0
"metabat1.7.faa_contig436pilon_pilon_1339",0.785936028605364,0.88590938112637,0.38281488519608,0,0,0,0,0,0,0,0.516148531667395,1.4777407110858,0,0,1.1340537405337,0,0,0
"metabat1.7.faa_contig436pilon_pilon_1340",0,0.88590938112637,0,0,0,1.44647599839007,0,0,0,0,0,0.67359331525981,0,0,0,0,0,0
"metabat1.7.faa_contig436pilon_pilon_1341",0,1.18389527239187,0.934818605712233,1.7610687491275,2.57936124805689,2.62673007810211,0,0,0,0,1.44388713727703,0.67359331525981,2.7464361614707,1.74689798439781,1.1340537405337,0,0,0
"metabat1.7.faa_contig436pilon_pilon_1343",2.76419434237269,2.60586750229792,2.82327417442235,0,0,0,0,0,0,0,4.3473786311645,1.75709288071739,1.09903579045027,0,0,0,0,0
"metabat1.7.faa_contig436pilon_pilon_1344",3.27657521655722,1.43074458043053,3.2023945824784,0,0,0,0,0,0,3.19801267565096,6.35517235514575,3.47452603770725,0,1.74689798439781,0,1.9614664838957,0,0
"metabat1.7.faa_contig436pilon_pilon_1345",0,1.18389527239187,1.64486408351293,0,0,0.897401199107369,0,0,0,0,2.51890127711715,0.67359331525981,0,0,0,0,0,0
"metabat1.7.faa_contig436pilon_pilon_1346",1.66568014541256,0.88590938112637,0.934818605712233,0,0,0,0,0,0,0,0.516148531667395,0,0,1.12312357938219,0,0,0,0
"metabat1.7.faa_contig436pilon_pilon_1347",1.29185180527056,1.43074458043053,0.38281488519608,0,1.16619325035431,2.98215586941322,0,0,0,0,0,0,1.09903579045027,0,0,1.29118405857877,0,0
"metabat1.7.faa_contig436pilon_pilon_1348",2.91032890151629,2.26773977122091,2.5514261270497,0,0,1.44647599839007,0,0,0,2.17133542639018,1.44388713727703,2.36884809447434,0,0,0,0,0,0
"metabat1.7.faa_contig436pilon_pilon_1349",4.59542848581813,4.41618427781921,5.01346191819065,0,0,1.44647599839007,3.17177214826266,0,0,3.66463510246245,3.60684935221352,5.07584249715299,0,1.12312357938219,1.1340537405337,0,0,0
"metabat1.7.faa_contig436pilon_pilon_135",0.785936028605364,1.82529197697292,1.4973827041834,0,0,0,0,0,0,0,1.44388713727703,1.75709288071739,0,0,0,0,0,0
"metabat1.7.faa_contig436pilon_pilon_1350",3.81103850796967,4.06062570986755,4.55381346462968,0,0,1.84322922738708,0,0,0,4.29940155989236,2.8976244326255,4.40812669947005,0,1.12312357938219,0,0,0,1.46983126765765
"metabat1.7.faa_contig436pilon_pilon_1351",4.14215564005616,3.73280877905224,4.35392586012307,1.7610687491275,1.16619325035431,4.38144079109193,1.37979066905676,0,0,3.19801267565096,3.84137929136755,4.94261018074792,2.7464361614707,2.51417842914998,2.19668159538169,0,2.76406976883088,0
"metabat1.7.faa_contig436pilon_pilon_1352",2.91032890151629,2.70299855236506,3.29463827516837,1.1340537405337,1.16619325035431,2.62673007810211,0,0,0,1.73823503865256,2.72065470380689,2.52615053480768,0,1.74689798439781,1.7610687491275,0,1.29176539221842,1.46983126765765
"metabat1.7.faa_contig436pilon_pilon_1353",2.41826115096941,2.13478485261146,2.62433913730106,1.7610687491275,0,4.04690451631809,0,0,0,1.73823503865256,3.12802607292714,2.52615053480768,1.09903579045027,1.12312357938219,0,1.9614664838957,0,0
"metabat1.7.faa_contig436pilon_pilon_1354",3.04301307761808,2.60586750229792,2.82327417442235,1.1340537405337,1.16619325035431,1.44647599839007,2.53777273352371,0,0,2.50399368872529,2.81185139127062,2.66797545578142,1.09903579045027,1.12312357938219,0,0,0,0
"metabat1.7.faa_contig436pilon_pilon_1355",0,0.509913214608311,0,0,0,0,0,0,0,0,1.44388713727703,0,0,0,0,0,0,0
"metabat1.7.faa_contig436pilon_pilon_1356",0,1.18389527239187,0,1.1340537405337,0,0,0,0,0,0,0.516148531667395,0.67359331525981,0,0,0,0,0,0
"metabat1.7.faa_contig436pilon_pilon_1357",0,0.509913214608311,0.685058202165542,0,0,0,1.37979066905676,0,0,0,0,0.67359331525981,0,0,0,0,0,0
"metabat1.7.faa_contig436pilon_pilon_1358",0.785936028605364,0,0,1.7610687491275,0,0,0,0,0,0,0.89550771308478,0.67359331525981,1.09903579045027,0,0,0,0,0
"metabat1.7.faa_contig436pilon_pilon_1359",3.95272612376576,0.88590938112637,4.64424798698752,0,1.80255518101465,0.897401199107369,0,0,1.52740029239538,3.00158663115357,7.81991816545205,4.40812669947005,0,1.12312357938219,0,0,1.29176539221842,0
"metabat1.7.faa_contig436pilon_pilon_136",0,1.98832176012744,0.38281488519608,0,0,0,0,0,0,0,0.516148531667395,0,1.09903579045027,1.12312357938219,0,0,0,0
"metabat1.7.faa_contig436pilon_pilon_1360",0.785936028605364,0,1.90108923408269,0,0,0.897401199107369,0,0,0,0,0.89550771308478,0.67359331525981,0,0,0,1.29118405857877,0,0
"metabat1.7.faa_contig436pilon_pilon_1361",1.29185180527056,1.64146402980544,1.4973827041834,0,0,0,0,0,0,2.17133542639018,1.19559746605447,0.67359331525981,1.09903579045027,0,0,1.29118405857877,0,0
"metabat1.7.faa_contig436pilon_pilon_1362",1.66568014541256,1.43074458043053,1.64486408351293,0,0,1.84322922738708,0,0,0,1.11645381230496,0.89550771308478,1.99102887400464,0,0,0,0,0,0
"metabat1.7.faa_contig436pilon_pilon_1363",0,0.509913214608311,2.11859814958117,1.1340537405337,0,0,0,0,0,0,1.44388713727703,0.67359331525981,0,1.12312357938219,1.7610687491275,0,0,0
"metabat1.7.faa_contig436pilon_pilon_1365",2.41826115096941,1.82529197697292,2.11859814958117,1.7610687491275,0,0.897401199107369,0,0,0,2.50399368872529,2.40635221835154,0.67359331525981,0,0,1.1340537405337,0,1.96219704722974,0
"metabat1.7.faa_contig436pilon_pilon_1366",0,1.82529197697292,1.64486408351293,1.1340537405337,1.80255518101465,0.897401199107369,0,0,0,1.11645381230496,1.19559746605447,2.19227141791183,0,1.12312357938219,0,0,2.41814240401883,0
"metabat1.7.faa_contig436pilon_pilon_1367",2.76419434237269,2.70299855236506,1.77865745269737,0,0,1.44647599839007,0,0,0,2.17133542639018,1.65565457285634,1.4777407110858,0,1.74689798439781,1.7610687491275,0,0,0
"metabat1.7.faa_contig436pilon_pilon_1368",1.96230563626242,1.82529197697292,1.77865745269737,1.1340537405337,0,0,0,0,0,3.00158663115357,4.87719093044369,2.36884809447434,0,0,0,0,0,0
"metabat1.7.faa_contig436pilon_pilon_1369",0.785936028605364,1.64146402980544,0.934818605712233,0,0,0,0,0,0,0,1.840279242946,1.4777407110858,1.09903579045027,0,0,1.29118405857877,0,0
"metabat1.7.faa_contig436pilon_pilon_137",2.60157159760965,1.43074458043053,1.64486408351293,1.1340537405337,1.16619325035431,0.897401199107369,0,0,0,0,1.19559746605447,1.13098460611101,1.71555497817818,0,0,0,0,0
"metabat1.7.faa_contig436pilon_pilon_1370",0,1.18389527239187,0.685058202165542,0,0,0,0,0,0,0,1.19559746605447,1.13098460611101,0,0,0,0,0,0
"metabat1.7.faa_contig436pilon_pilon_1371",0,1.43074458043053,0.934818605712233,0,0,0,0,0,0,0,1.19559746605447,0,1.09903579045027,0,1.1340537405337,0,0,0
"metabat1.7.faa_contig436pilon_pilon_1372",0,2.13478485261146,1.64486408351293,0,0,0,0,0,0,0,0,0,0,0,0,0,0,0
"metabat1.7.faa_contig436pilon_pilon_1373",2.20822168944952,0.88590938112637,1.14765426080542,0,1.16619325035431,0.897401199107369,0,0,0,0,0.89550771308478,1.13098460611101,0,0,0,0,0,0
"metabat1.7.faa_contig436pilon_pilon_1374",1.96230563626242,0.88590938112637,0.38281488519608,0,0,0,0,0,0,0,1.19559746605447,0,0,0,0,0,0,0
"metabat1.7.faa_contig436pilon_pilon_1376",1.29185180527056,1.98832176012744,1.33308998856978,1.1340537405337,1.16619325035431,0,0,1.35258389846972,0,0,1.19559746605447,2.91560668555758,1.71555497817818,0,0,0,1.96219704722974,0
"metabat1.7.faa_contig436pilon_pilon_1377",0,1.18389527239187,1.33308998856978,0,1.16619325035431,0,0,0,0,0,1.19559746605447,0.67359331525981,1.09903579045027,0,0,1.9614664838957,0,0
"metabat1.7.faa_contig436pilon_pilon_1378",0,0.509913214608311,0.38281488519608,0,0,0,0,0,0,0,1.44388713727703,0,0,0,0,0,0,0
"metabat1.7.faa_contig436pilon_pilon_1380",1.29185180527056,1.18389527239187,1.4973827041834,0,0,0,0,0,0,1.11645381230496,2.28427424259072,1.4777407110858,0,0,1.1340537405337,0,0,0
"metabat1.7.faa_contig436pilon_pilon_1381",0,1.82529197697292,1.77865745269737,0,0,0,0,0,0,0,1.840279242946,0,2.14611569478379,0,0,0,0,0
"metabat1.7.faa_contig436pilon_pilon_1382",4.25589842802214,4.20026468283046,5.23916482703207,1.1340537405337,1.16619325035431,1.84322922738708,0,0,0,4.21116856610828,3.84137929136755,5.22100656141959,1.09903579045027,2.51417842914998,1.7610687491275,1.9614664838957,0,0
"metabat1.7.faa_contig436pilon_pilon_1383",0.785936028605364,1.18389527239187,2.69374376525252,0,0,0,0,0,0,1.73823503865256,2.15090332733127,1.99102887400464,0,0,0,0,0,0
"metabat1.7.faa_contig436pilon_pilon_1384",1.96230563626242,0.88590938112637,1.14765426080542,1.1340537405337,0,0,0,0,0,1.11645381230496,0.89550771308478,0.67359331525981,0,1.12312357938219,0,0,0,0
"metabat1.7.faa_contig436pilon_pilon_1385",0.785936028605364,1.43074458043053,0.38281488519608,0,0,0,0,0,0,0,0,0.67359331525981,0,0,0,0,0,1.46983126765765
"metabat1.7.faa_contig436pilon_pilon_1387",1.96230563626242,1.82529197697292,1.64486408351293,0,1.16619325035431,1.44647599839007,0,0,0,0,1.840279242946,0.67359331525981,0,0,0,0,0,0
"metabat1.7.faa_contig436pilon_pilon_1388",2.91032890151629,3.53594262426293,4.14678457577278,0,0,0.897401199107369,1.37979066905676,1.35258389846972,0,3.00158663115357,3.70528148982604,3.87636351787433,0,1.74689798439781,2.80193012411026,0,0,0
"metabat1.7.faa_contig436pilon_pilon_1389",1.29185180527056,1.82529197697292,2.99807247709387,2.19668159538169,0,2.62673007810211,0,0,0,1.73823503865256,1.840279242946,3.12689527349591,1.09903579045027,0,2.19668159538169,0,0,0
"metabat1.7.faa_contig436pilon_pilon_139",0,0.509913214608311,1.14765426080542,1.1340537405337,0,0,0,0,0,1.11645381230496,0,1.13098460611101,0,0,0,0,0,0
"metabat1.7.faa_contig436pilon_pilon_1390",1.66568014541256,0.88590938112637,0.38281488519608,0,0,0,0,0,0,0,0,0.67359331525981,0,0,0,0,0,0
"metabat1.7.faa_contig436pilon_pilon_1391",0,0.509913214608311,0.685058202165542,0,0,0,0,0,0,0,0.89550771308478,0.67359331525981,0,0,0,0,0,0
"metabat1.7.faa_contig436pilon_pilon_1392",1.29185180527056,0.88590938112637,1.33308998856978,0,0,0,0,0,0,1.11645381230496,0.516148531667395,0.67359331525981,0,0,0,0,0,0
"metabat1.7.faa_contig436pilon_pilon_1393",1.66568014541256,1.43074458043053,2.39351721646857,1.1340537405337,0,0.897401199107369,1.37979066905676,0,0,0,2.28427424259072,2.19227141791183,0,1.12312357938219,1.7610687491275,0,0,0
"metabat1.7.faa_contig436pilon_pilon_1394",0,0.509913214608311,2.21617578280615,1.1340537405337,2.24262160634391,2.98215586941322,0,0,0,0,1.65565457285634,0.67359331525981,2.47727817412133,2.51417842914998,1.1340537405337,0,0,0
"metabat1.7.faa_contig436pilon_pilon_1395",1.29185180527056,1.98832176012744,2.62433913730106,0,0,1.84322922738708,0,0,0,1.11645381230496,2.00393517636671,1.99102887400464,0,0,2.53081550425397,0,0,0
"metabat1.7.faa_contig436pilon_pilon_1396",2.60157159760965,1.43074458043053,2.47463106669557,2.53081550425397,0,1.84322922738708,1.37979066905676,0,0,1.11645381230496,0.516148531667395,1.4777407110858,1.09903579045027,1.12312357938219,3.69459678192323,0,0,0
"metabat1.7.faa_contig436pilon_pilon_1397",0.785936028605364,0,0.685058202165542,0,0,0,0,0,0,0,1.19559746605447,0,0,0,0,0,0,0
"metabat1.7.faa_contig436pilon_pilon_1399",0.785936028605364,0.509913214608311,1.4973827041834,0,0,0,0,0,0,1.11645381230496,1.19559746605447,1.13098460611101,0,0,0,0,0,0
"metabat1.7.faa_contig436pilon_pilon_14",0,1.18389527239187,0,0,0,0,1.37979066905676,0,0,0,0.89550771308478,0,0,1.12312357938219,0,0,0,0
"metabat1.7.faa_contig436pilon_pilon_140",1.66568014541256,1.18389527239187,1.90108923408269,0,0,0,0,0,0,1.11645381230496,0.89550771308478,1.13098460611101,0,1.12312357938219,0,0,0,0
"metabat1.7.faa_contig436pilon_pilon_1400",6.87771863562129,5.99427991039841,7.112234165437,3.69459678192323,1.16619325035431,5.04090031976922,1.37979066905676,0,2.73291553002157,6.12763113545736,5.76384694437473,7.02374161037779,3.76163235739226,3.38203703533331,3.55492163421865,1.9614664838957,0,0
"metabat1.7.faa_contig436pilon_pilon_1401",1.96230563626242,1.64146402980544,3.33863871741216,1.1340537405337,0,0,0,0,0,1.73823503865256,1.65565457285634,3.0251155373296,0,1.74689798439781,1.7610687491275,1.29118405857877,0,1.46983126765765
"metabat1.7.faa_contig436pilon_pilon_1403",0.785936028605364,0,2.30756971923906,0,0,0,0,0,0,0,0,1.4777407110858,0,0,0,0,1.29176539221842,0
"metabat1.7.faa_contig436pilon_pilon_1404",0,0.88590938112637,0.38281488519608,0,1.16619325035431,0,0,0,0,0,0.516148531667395,0,0,0,0,0,0,0
"metabat1.7.faa_contig436pilon_pilon_1405",0,0,0.685058202165542,0,0,0,0,0,0,0,1.65565457285634,0,0,0,0,0,0,0
"metabat1.7.faa_contig436pilon_pilon_1406",1.66568014541256,2.60586750229792,3.54051334423247,2.19668159538169,0,0.897401199107369,0,0,0,2.17133542639018,2.00393517636671,2.19227141791183,0,0,2.19668159538169,0,0,0
"metabat1.7.faa_contig436pilon_pilon_1408",0,0,2.21617578280615,1.1340537405337,0,0,1.37979066905676,0,0,0,0,1.13098460611101,0,0,0,0,0,0
"metabat1.7.faa_contig436pilon_pilon_1409",0.785936028605364,0.509913214608311,0.685058202165542,0,0,0,0,0,0,0,0.516148531667395,0,0,0,0,0,0,0
"metabat1.7.faa_contig436pilon_pilon_141",1.96230563626242,1.82529197697292,2.30756971923906,3.03006654447673,1.16619325035431,2.62673007810211,0,0,1.52740029239538,0,0,1.75709288071739,2.14611569478379,2.78469305237248,2.19668159538169,1.29118405857877,0,0
"metabat1.7.faa_contig436pilon_pilon_1410",0.785936028605364,1.18389527239187,1.14765426080542,0,0,0,0,0,0,0,1.19559746605447,0,0,1.12312357938219,0,0,0,0
"metabat1.7.faa_contig436pilon_pilon_1411",1.29185180527056,0,0.685058202165542,0,0,0,0,0,0,0,0,0.67359331525981,0,0,0,0,0,0
"metabat1.7.faa_contig436pilon_pilon_1412",1.96230563626242,1.18389527239187,1.77865745269737,1.1340537405337,0,0,0,0,0,1.73823503865256,0.89550771308478,1.13098460611101,0,0,0,0,0,0
"metabat1.7.faa_contig436pilon_pilon_1413",0.785936028605364,2.26773977122091,1.90108923408269,0,0,0,0,0,0,0,2.15090332733127,1.4777407110858,0,0,0,1.29118405857877,0,0
"metabat1.7.faa_contig436pilon_pilon_1414",0,1.18389527239187,0.685058202165542,0,0,0,0,0,0,0,0,1.13098460611101,0,0,0,0,0,0
"metabat1.7.faa_contig436pilon_pilon_1415",1.66568014541256,1.82529197697292,1.90108923408269,1.1340537405337,0,1.44647599839007,0,0,0,0,2.40635221835154,0,0,0,0,0,0,0
"metabat1.7.faa_contig436pilon_pilon_1416",1.29185180527056,1.43074458043053,2.5514261270497,1.1340537405337,0,0,0,0,0,1.73823503865256,1.65565457285634,2.36884809447434,0,0,2.19668159538169,0,0,0
"metabat1.7.faa_contig436pilon_pilon_1417",0,1.64146402980544,2.39351721646857,1.1340537405337,1.16619325035431,0,0,0,0,0,1.65565457285634,1.13098460611101,2.47727817412133,0,1.1340537405337,0,0,1.46983126765765
"metabat1.7.faa_contig436pilon_pilon_1418",0,1.64146402980544,0.38281488519608,0,0,0,0,0,0,0,0.89550771308478,0,0,1.12312357938219,0,0,0,0
"metabat1.7.faa_contig436pilon_pilon_1419",1.66568014541256,0.509913214608311,1.33308998856978,0,0,0,0,0,0,1.11645381230496,1.65565457285634,1.13098460611101,0,1.12312357938219,1.1340537405337,0,0,0
"metabat1.7.faa_contig436pilon_pilon_1420",1.29185180527056,1.64146402980544,1.77865745269737,3.69459678192323,0,0,0,0,0,1.73823503865256,1.65565457285634,0.67359331525981,1.09903579045027,1.12312357938219,2.19668159538169,1.9614664838957,0,0
"metabat1.7.faa_contig436pilon_pilon_1421",2.41826115096941,1.82529197697292,3.38133682150871,5.33723317298136,3.74866254356939,4.79410049822842,0,1.35258389846972,1.52740029239538,0,1.65565457285634,2.91560668555758,3.63472659822075,4.39431316089585,4.83183415457027,1.29118405857877,0,1.46983126765765
"metabat1.7.faa_contig436pilon_pilon_1422",1.66568014541256,1.82529197697292,1.90108923408269,1.1340537405337,0,0.897401199107369,0,0,0,1.11645381230496,0.516148531667395,1.75709288071739,0,0,0,0,0,0
"metabat1.7.faa_contig436pilon_pilon_1424",0,2.96040653444993,1.64486408351293,0,0,0,0,0,0,0,3.50120641098635,1.13098460611101,0,0,0,0,0,0
"metabat1.7.faa_contig436pilon_pilon_1425",1.66568014541256,2.26773977122091,2.01393892571283,1.1340537405337,0,0,2.07197274134539,0,0,1.73823503865256,1.840279242946,1.4777407110858,0,0,0,0,1.96219704722974,0
"metabat1.7.faa_contig436pilon_pilon_1426",0,1.64146402980544,0.685058202165542,0,0,0.897401199107369,1.37979066905676,0,0,0,1.19559746605447,0,0,0,0,0,0,0
"metabat1.7.faa_contig436pilon_pilon_1427",1.66568014541256,0,0.934818605712233,0,0,0,0,0,0,0,0.89550771308478,0.67359331525981,0,0,0,0,0,0
"metabat1.7.faa_contig436pilon_pilon_1428",1.66568014541256,0.88590938112637,1.64486408351293,0,0,0,0,0,0,0,0.516148531667395,1.13098460611101,0,0,0,0,0,0
"metabat1.7.faa_contig436pilon_pilon_1429",2.60157159760965,2.79400061842543,2.21617578280615,0,0,0,0,0,0,1.11645381230496,2.28427424259072,1.13098460611101,1.09903579045027,0,0,0,0,0
"metabat1.7.faa_contig436pilon_pilon_143",2.20822168944952,2.38946916323308,1.90108923408269,4.83183415457027,4.7617075185702,5.15008449683067,2.07197274134539,2.0382190429837,0,1.73823503865256,0.516148531667395,2.19227141791183,4.50463189329779,4.75060507187317,4.70540613793849,1.9614664838957,2.76406976883088,1.46983126765765
"metabat1.7.faa_contig436pilon_pilon_1431",0,1.82529197697292,0.934818605712233,0,0,0,0,0,0,0,0,0,0,0,0,0,0,0
"metabat1.7.faa_contig436pilon_pilon_1432",1.96230563626242,1.64146402980544,1.4973827041834,0,0,0,1.37979066905676,0,0,0,0,1.75709288071739,0,0,0,0,0,0
"metabat1.7.faa_contig436pilon_pilon_1433",0.785936028605364,1.43074458043053,2.30756971923906,0,0,0.897401199107369,2.07197274134539,0,0,1.73823503865256,0.89550771308478,2.52615053480768,0,0,0,0,0,0
"metabat1.7.faa_contig436pilon_pilon_1434",0,0.509913214608311,1.4973827041834,0,0,0,0,0,0,0,1.840279242946,0.67359331525981,0,1.12312357938219,1.1340537405337,1.29118405857877,0,0
"metabat1.7.faa_contig436pilon_pilon_1435",0,0.509913214608311,1.33308998856978,0,0,0,0,0,0,0,0.89550771308478,1.4777407110858,0,0,0,0,0,0
"metabat1.7.faa_contig436pilon_pilon_1437",1.66568014541256,1.64146402980544,2.82327417442235,0,0,0,0,0,0,1.11645381230496,1.19559746605447,1.13098460611101,0,0,0,0,0,0
"metabat1.7.faa_contig436pilon_pilon_1440",1.29185180527056,1.43074458043053,1.90108923408269,0,1.80255518101465,2.15407448615294,0,0,0,0,1.840279242946,2.79709764057128,2.14611569478379,0,0,0,0,0
"metabat1.7.faa_contig436pilon_pilon_1441",0,0,0.38281488519608,0,0,0,0,1.35258389846972,0,0,1.19559746605447,0,0,0,0,0,0,0
"metabat1.7.faa_contig436pilon_pilon_1442",1.66568014541256,1.18389527239187,2.62433913730106,0,1.16619325035431,0.897401199107369,0,0,0,1.11645381230496,2.00393517636671,2.19227141791183,1.09903579045027,1.74689798439781,1.1340537405337,0,0,0
"metabat1.7.faa_contig436pilon_pilon_1443",0,0,0,0,0,0,0,2.50107543391484,0,0,2.00393517636671,0.67359331525981,0,0,1.7610687491275,0,1.29176539221842,0
"metabat1.7.faa_contig436pilon_pilon_1446",0.785936028605364,0.509913214608311,0.685058202165542,0,1.16619325035431,0,0,0,0,0,0,0.67359331525981,0,0,1.1340537405337,0,0,0
"metabat1.7.faa_contig436pilon_pilon_1449",0,0.509913214608311,0.38281488519608,0,0,0,0,0,0,0,1.44388713727703,0,0,0,0,0,0,0
"metabat1.7.faa_contig436pilon_pilon_145",1.29185180527056,1.18389527239187,2.11859814958117,1.1340537405337,0,0,0,0,0,1.11645381230496,1.65565457285634,1.13098460611101,0,0,0,0,1.29176539221842,0
"metabat1.7.faa_contig436pilon_pilon_1450",0,1.82529197697292,1.33308998856978,0,0,0,0,0,0,0,1.840279242946,0,0,0,0,0,0,0
"metabat1.7.faa_contig436pilon_pilon_1451",0,0,1.33308998856978,0,0,0.897401199107369,0,0,0,0,2.15090332733127,1.13098460611101,2.14611569478379,0,0,0,1.29176539221842,0
"metabat1.7.faa_contig436pilon_pilon_1452",1.29185180527056,2.13478485261146,2.39351721646857,0,0,1.84322922738708,0,0,0,0,2.72065470380689,1.13098460611101,0,0,1.7610687491275,0,0,0
"metabat1.7.faa_contig436pilon_pilon_1453",3.81103850796967,3.86461852672761,4.76202846332349,3.82193485693565,3.27936919850574,2.98215586941322,1.37979066905676,0,0,3.00158663115357,2.51890127711715,4.79581033745587,1.71555497817818,3.38203703533331,2.19668159538169,0,0,0
"metabat1.7.faa_contig436pilon_pilon_1454",1.29185180527056,1.98832176012744,2.62433913730106,0,0,0,0,0,0,1.11645381230496,2.28427424259072,2.79709764057128,0,0,0,0,0,0
"metabat1.7.faa_contig436pilon_pilon_1455",0.785936028605364,1.98832176012744,1.33308998856978,0,0,0,0,0,0,0,1.19559746605447,0.67359331525981,0,0,0,0,0,0
"metabat1.7.faa_contig436pilon_pilon_1457",1.29185180527056,1.18389527239187,1.64486408351293,1.1340537405337,1.80255518101465,0.897401199107369,0,0,0,0,0.89550771308478,0,0,1.12312357938219,1.1340537405337,0,0,0
"metabat1.7.faa_contig436pilon_pilon_1458",0.785936028605364,0.88590938112637,1.64486408351293,0,0,2.15407448615294,0,0,0,1.73823503865256,2.28427424259072,2.91560668555758,1.09903579045027,2.51417842914998,3.03006654447673,0,0,0
"metabat1.7.faa_contig436pilon_pilon_1459",0,0.88590938112637,1.33308998856978,1.1340537405337,0,0,0,0,0,0,0.89550771308478,0,1.09903579045027,1.12312357938219,0,0,0,0
"metabat1.7.faa_contig436pilon_pilon_146",0,0.88590938112637,0.934818605712233,0,0,0,0,0,0,0,1.65565457285634,0.67359331525981,0,0,1.1340537405337,0,0,0
"metabat1.7.faa_contig436pilon_pilon_1462",0.785936028605364,0.509913214608311,1.77865745269737,0,1.80255518101465,0,0,0,0,1.11645381230496,1.65565457285634,1.4777407110858,0,0,0,0,0,0
"metabat1.7.faa_contig436pilon_pilon_1464",0,1.18389527239187,0.685058202165542,0,1.16619325035431,0.897401199107369,0,0,0,0,0.89550771308478,0.67359331525981,0,0,1.1340537405337,0,0,0
"metabat1.7.faa_contig436pilon_pilon_1465",3.56841638845068,1.98832176012744,3.24925354318237,1.1340537405337,0,0,0,1.35258389846972,0,1.11645381230496,6.09867974085886,3.0251155373296,0,0,0,0,0,0
"metabat1.7.faa_contig436pilon_pilon_1466",2.76419434237269,0,2.5514261270497,0,0,0,0,0,0,1.11645381230496,5.84165417246321,3.0251155373296,0,0,0,0,0,0
"metabat1.7.faa_contig436pilon_pilon_1467",0,1.43074458043053,0.685058202165542,0,0,0.897401199107369,0,0,0,1.73823503865256,0,0,0,0,0,0,0,0
"metabat1.7.faa_contig436pilon_pilon_1468",1.29185180527056,1.18389527239187,1.14765426080542,0,0,0,0,0,0,0,0.89550771308478,1.4777407110858,0,0,0,0,0,0
"metabat1.7.faa_contig436pilon_pilon_1469",0,0.88590938112637,0.685058202165542,0,1.16619325035431,0,0,0,0,0,2.00393517636671,1.13098460611101,0,0,1.1340537405337,0,0,0
"metabat1.7.faa_contig436pilon_pilon_147",0,0.88590938112637,0.38281488519608,0,0,0,0,0,0,0,0.89550771308478,0,0,0,0,0,0,0
"metabat1.7.faa_contig436pilon_pilon_1470",1.29185180527056,2.13478485261146,2.75996219574681,0,0,0,0,0,0,2.17133542639018,5.34241834749131,2.66797545578142,0,0,0,0,0,0
"metabat1.7.faa_contig436pilon_pilon_1471",0,0,0.38281488519608,0,0,0,0,0,0,0,1.840279242946,0,0,0,0,0,0,0
"metabat1.7.faa_contig436pilon_pilon_1472",0.785936028605364,0.509913214608311,0.685058202165542,2.53081550425397,1.80255518101465,1.44647599839007,0,0,0,0,1.840279242946,0,0,2.1809567813732,2.80193012411026,0,0,0
"metabat1.7.faa_contig436pilon_pilon_1473",3.56841638845068,2.26773977122091,3.4228074703425,1.1340537405337,0,0,0,0,0,3.19801267565096,6.80146884076522,3.87636351787433,0,1.12312357938219,1.1340537405337,1.9614664838957,1.29176539221842,0
"metabat1.7.faa_contig436pilon_pilon_1474",0.785936028605364,0,0.934818605712233,0,0,0,0,0,0,0,2.97858288508698,0.67359331525981,0,0,0,0,0,0
"metabat1.7.faa_contig436pilon_pilon_1475",1.29185180527056,1.43074458043053,2.01393892571283,2.19668159538169,1.16619325035431,0.897401199107369,0,0,0,0,2.00393517636671,1.13098460611101,0,1.12312357938219,1.1340537405337,0,0,0
"metabat1.7.faa_contig436pilon_pilon_1476",0.785936028605364,0,0.685058202165542,0,0,0,0,0,0,0,0.516148531667395,1.75709288071739,0,0,0,0,0,0
"metabat1.7.faa_contig436pilon_pilon_1477",0.785936028605364,1.64146402980544,1.33308998856978,0,0,0,0,0,0,0,1.19559746605447,0.67359331525981,0,0,0,0,0,0
"metabat1.7.faa_contig436pilon_pilon_1478",1.29185180527056,1.43074458043053,1.14765426080542,0,0,0,0,0,0,0,1.19559746605447,1.13098460611101,0,0,1.7610687491275,0,0,0
"metabat1.7.faa_contig436pilon_pilon_1479",1.66568014541256,2.13478485261146,1.77865745269737,0,0,0.897401199107369,0,0,0,0,2.00393517636671,1.13098460611101,1.71555497817818,1.12312357938219,1.7610687491275,0,0,0
"metabat1.7.faa_contig436pilon_pilon_148",0,1.43074458043053,1.14765426080542,0,0,0,0,0,0,0,0,0.67359331525981,0,0,0,0,0,0
"metabat1.7.faa_contig436pilon_pilon_1480",1.66568014541256,1.82529197697292,2.11859814958117,0,0,0.897401199107369,0,0,0,1.11645381230496,1.65565457285634,1.13098460611101,0,0,1.1340537405337,1.29118405857877,0,0
"metabat1.7.faa_contig436pilon_pilon_1481",0.785936028605364,1.43074458043053,1.64486408351293,0,0,0.897401199107369,0,0,0,0,2.51890127711715,1.13098460611101,1.09903579045027,0,0,0,0,0
"metabat1.7.faa_contig436pilon_pilon_1483",2.41826115096941,1.64146402980544,2.88392414889163,0,0,0,0,0,0,1.73823503865256,5.83079248750153,2.66797545578142,0,0,0,0,0,0
"metabat1.7.faa_contig436pilon_pilon_1484",2.60157159760965,3.36838000600178,2.99807247709387,1.1340537405337,0,0,0,0,0,0,6.22848666571778,3.47452603770725,0,0,1.1340537405337,0,0,0
"metabat1.7.faa_contig436pilon_pilon_1485",2.20822168944952,2.79400061842543,3.46311926836477,1.1340537405337,0,2.15407448615294,0,0,0,1.11645381230496,5.01790640539336,2.79709764057128,1.71555497817818,1.74689798439781,1.7610687491275,0,0,0
"metabat1.7.faa_contig436pilon_pilon_1486",4.6793765910378,4.74748604289944,4.55381346462968,0,0,0,0,0,0,2.50399368872529,7.93596040262924,4.79581033745587,0,0,0,0,0,0
"metabat1.7.faa_contig436pilon_pilon_1487",3.81103850796967,3.30790282016009,3.90483447956355,2.53081550425397,1.80255518101465,0.897401199107369,0,1.35258389846972,0,1.73823503865256,6.27730664465556,4.23658626360847,1.09903579045027,0,0,0,0,0
"metabat1.7.faa_contig436pilon_pilon_1488",0.785936028605364,0.88590938112637,0.38281488519608,0,0,0,0,0,0,0,1.19559746605447,0,1.71555497817818,0,2.19668159538169,0,0,0
"metabat1.7.faa_contig436pilon_pilon_1489",0.785936028605364,0,0.38281488519608,0,0,0,0,0,0,0,0,1.4777407110858,0,1.12312357938219,0,0,0,0
"metabat1.7.faa_contig436pilon_pilon_149",0,1.18389527239187,0.38281488519608,0,0,0,0,0,0,0,0.89550771308478,0.67359331525981,0,0,0,0,0,0
"metabat1.7.faa_contig436pilon_pilon_1490",3.16451550209409,0,1.4973827041834,1.1340537405337,0,0,0,0,0,0,4.18628571273477,0.67359331525981,0,0,0,0,0,0
"metabat1.7.faa_contig436pilon_pilon_1493",1.29185180527056,0.88590938112637,1.64486408351293,0,0,2.98215586941322,0,0,0,1.73823503865256,1.19559746605447,2.36884809447434,1.09903579045027,0,2.19668159538169,0,1.96219704722974,1.46983126765765
"metabat1.7.faa_contig436pilon_pilon_1494",0,0.509913214608311,1.14765426080542,0,0,0,0,0,0,0,0,0,0,0,0,0,0,0
"metabat1.7.faa_contig436pilon_pilon_1495",2.91032890151629,3.17876660480948,3.75052292647941,2.19668159538169,0,2.81536084815067,0,0,0,1.11645381230496,3.79742460735255,3.93366505780459,2.97318671073354,1.74689798439781,1.1340537405337,1.9614664838957,0,0
"metabat1.7.faa_contig436pilon_pilon_1497",2.41826115096941,1.64146402980544,2.88392414889163,0,1.16619325035431,1.84322922738708,0,0,0,1.11645381230496,4.8559196585655,2.36884809447434,0,1.12312357938219,1.7610687491275,0,1.96219704722974,0
"metabat1.7.faa_contig436pilon_pilon_1498",1.96230563626242,1.64146402980544,1.77865745269737,1.1340537405337,1.80255518101465,0,0,0,0,0,2.8976244326255,2.19227141791183,0,0,0,0,0,0
"metabat1.7.faa_contig436pilon_pilon_1499",1.29185180527056,1.82529197697292,0.934818605712233,1.1340537405337,0,0.897401199107369,1.37979066905676,0,0,1.73823503865256,1.840279242946,1.75709288071739,0,0,0,0,0,0
"metabat1.7.faa_contig436pilon_pilon_150",0,1.43074458043053,1.33308998856978,0,0,0,0,0,0,0,1.19559746605447,0.67359331525981,0,0,0,0,0,0
"metabat1.7.faa_contig436pilon_pilon_1501",0.785936028605364,0.509913214608311,1.33308998856978,1.1340537405337,0,2.40967275086044,0,0,0,0,0.89550771308478,0.67359331525981,0,0,1.1340537405337,0,0,0
"metabat1.7.faa_contig436pilon_pilon_1502",3.16451550209409,2.79400061842543,2.94212696831667,1.7610687491275,2.24262160634391,4.32045337574476,2.53777273352371,0,2.73291553002157,1.11645381230496,2.28427424259072,2.66797545578142,3.63472659822075,1.74689798439781,3.82193485693565,0,0,1.46983126765765
"metabat1.7.faa_contig436pilon_pilon_1503",4.83390228384897,5.19428490808784,4.26551230350554,0,0,0,0,0,0,3.00158663115357,7.51527349291445,3.81669157949342,0,0,0,0,1.29176539221842,0
"metabat1.7.faa_contig436pilon_pilon_1504",0.785936028605364,1.82529197697292,1.33308998856978,0,0,0,0,0,0,1.11645381230496,4.08022206321716,2.79709764057128,0,0,0,0,0,0
"metabat1.7.faa_contig436pilon_pilon_1505",1.66568014541256,0.88590938112637,0.685058202165542,0,0,0,0,0,0,1.11645381230496,2.00393517636671,1.13098460611101,0,1.12312357938219,1.7610687491275,0,0,0
"metabat1.7.faa_contig436pilon_pilon_1506",0.785936028605364,1.18389527239187,0.685058202165542,1.1340537405337,0,2.81536084815067,1.37979066905676,0,0,1.11645381230496,1.19559746605447,0,0,1.12312357938219,0,0,0,0
"metabat1.7.faa_contig436pilon_pilon_1507",0.785936028605364,0,0.934818605712233,0,0,0,0,0,0,0,0.516148531667395,0.67359331525981,0,0,0,0,0,0
"metabat1.7.faa_contig436pilon_pilon_1508",0,0.88590938112637,0.934818605712233,0,0,0,0,0,0,0,0.89550771308478,0,0,0,0,0,0,0
"metabat1.7.faa_contig436pilon_pilon_1509",2.91032890151629,2.60586750229792,2.82327417442235,0,0,2.40967275086044,0,0,0,1.11645381230496,1.840279242946,3.12689527349591,1.71555497817818,0,0,0,0,0
"metabat1.7.faa_contig436pilon_pilon_151",0.785936028605364,1.98832176012744,0.38281488519608,0,0,1.84322922738708,0,0,0,0,0.89550771308478,0,0,0,1.1340537405337,0,1.29176539221842,0
"metabat1.7.faa_contig436pilon_pilon_1510",1.66568014541256,0.509913214608311,1.33308998856978,0,0,0,0,0,0,0,1.19559746605447,0.67359331525981,0,0,0,0,0,0
"metabat1.7.faa_contig436pilon_pilon_1511",1.29185180527056,0.88590938112637,0,0,0,0,1.37979066905676,0,0,0,0.516148531667395,0.67359331525981,1.09903579045027,0,0,0,0,0
"metabat1.7.faa_contig436pilon_pilon_1512",2.20822168944952,1.98832176012744,1.64486408351293,1.7610687491275,1.16619325035431,0.897401199107369,0,0,0,1.73823503865256,0.89550771308478,1.13098460611101,1.09903579045027,1.12312357938219,1.7610687491275,0,1.29176539221842,1.46983126765765
"metabat1.7.faa_contig436pilon_pilon_1513",1.29185180527056,1.43074458043053,2.39351721646857,1.7610687491275,0,0,0,0,0,0,1.44388713727703,0.67359331525981,1.09903579045027,1.12312357938219,0,1.29118405857877,1.29176539221842,0
"metabat1.7.faa_contig436pilon_pilon_1514",1.29185180527056,1.64146402980544,1.14765426080542,1.1340537405337,1.80255518101465,0,0,0,0,2.17133542639018,1.65565457285634,0.67359331525981,0,0,0,0,0,0
"metabat1.7.faa_contig436pilon_pilon_1516",0,0.88590938112637,0.38281488519608,0,1.80255518101465,0,0,0,0,0,0.516148531667395,0.67359331525981,0,0,0,0,0,0
"metabat1.7.faa_contig436pilon_pilon_1517",0,1.64146402980544,1.77865745269737,1.1340537405337,1.16619325035431,2.40967275086044,0,0,0,2.17133542639018,2.40635221835154,1.13098460611101,0,0,0,0,0,0
"metabat1.7.faa_contig436pilon_pilon_1518",0,1.43074458043053,0.38281488519608,0,0,0,0,0,0,0,1.19559746605447,1.13098460611101,0,0,0,0,0,0
"metabat1.7.faa_contig436pilon_pilon_1519",1.66568014541256,0,0.934818605712233,0,2.24262160634391,1.84322922738708,0,0,0,1.11645381230496,0.516148531667395,1.75709288071739,1.09903579045027,0,1.7610687491275,0,0,0
"metabat1.7.faa_contig436pilon_pilon_152",0.785936028605364,1.43074458043053,0,0,0,0,0,0,0,0,0,1.13098460611101,0,0,0,0,0,0
"metabat1.7.faa_contig436pilon_pilon_1520",0,1.98832176012744,0.934818605712233,0,0,0,0,0,0,0,1.840279242946,0.67359331525981,0,0,0,0,1.29176539221842,0
"metabat1.7.faa_contig436pilon_pilon_1521",1.66568014541256,0,0.38281488519608,0,0,0,0,0,0,1.11645381230496,0,0,0,0,0,0,0,0
"metabat1.7.faa_contig436pilon_pilon_1522",0,0.88590938112637,1.33308998856978,0,0,0,0,0,0,0,0,0.67359331525981,0,0,0,0,0,0
"metabat1.7.faa_contig436pilon_pilon_1523",0,0,0,2.19668159538169,0,1.44647599839007,0,0,0,0,0,0,0,0,0,0,0,0
"metabat1.7.faa_contig436pilon_pilon_1524",1.29185180527056,0,0.934818605712233,1.7610687491275,0,0.897401199107369,0,0,0,0,0.516148531667395,1.13098460611101,0,0,0,0,0,0
"metabat1.7.faa_contig436pilon_pilon_1525",0.785936028605364,1.18389527239187,1.33308998856978,1.1340537405337,1.80255518101465,1.84322922738708,0,1.35258389846972,0,0,0.89550771308478,1.13098460611101,1.09903579045027,0,0,0,0,0
"metabat1.7.faa_contig436pilon_pilon_1526",0.785936028605364,0.509913214608311,0.934818605712233,1.1340537405337,0,0.897401199107369,0,0,0,0,0.89550771308478,1.13098460611101,2.47727817412133,0,1.1340537405337,0,0,0
"metabat1.7.faa_contig436pilon_pilon_1527",0,0.88590938112637,0,0,0,0,0,0,0,0,1.19559746605447,1.13098460611101,0,0,1.1340537405337,0,0,0
"metabat1.7.faa_contig436pilon_pilon_1530",3.04301307761808,3.30790282016009,5.73519581167713,1.7610687491275,2.24262160634391,2.62673007810211,2.07197274134539,0,1.52740029239538,2.77413745748303,3.32664902010796,4.85633423712401,2.14611569478379,1.74689798439781,3.22700466328771,1.9614664838957,0,0
"metabat1.7.faa_contig436pilon_pilon_1531",0,0.88590938112637,0.685058202165542,0,0,0,0,0,0,0,0.516148531667395,0,0,0,0,0,0,0
"metabat1.7.faa_contig436pilon_pilon_1532",0.785936028605364,1.82529197697292,1.4973827041834,1.1340537405337,0,0,0,0,0,0,1.44388713727703,2.19227141791183,0,2.1809567813732,0,0,0,0
"metabat1.7.faa_contig436pilon_pilon_1533",1.29185180527056,0.509913214608311,1.90108923408269,0,0,0,0,0,0,1.11645381230496,0.516148531667395,0,0,0,0,0,0,0
"metabat1.7.faa_contig436pilon_pilon_1534",0,0,0.685058202165542,1.1340537405337,1.16619325035431,0,0,0,0,0,0.89550771308478,1.13098460611101,0,0,0,0,0,0
"metabat1.7.faa_contig436pilon_pilon_1535",0.785936028605364,0,0.685058202165542,1.1340537405337,0,0,0,0,0,0,0.516148531667395,1.13098460611101,1.09903579045027,0,0,0,0,0
"metabat1.7.faa_contig436pilon_pilon_1536",0.785936028605364,1.82529197697292,1.14765426080542,0,0,0,0,0,0,0,1.19559746605447,1.4777407110858,0,0,0,0,0,0
"metabat1.7.faa_contig436pilon_pilon_1537",1.29185180527056,1.18389527239187,2.01393892571283,0,0,0,0,0,0,1.11645381230496,1.44388713727703,0.67359331525981,1.09903579045027,0,0,0,0,0
"metabat1.7.faa_contig436pilon_pilon_1539",0,1.18389527239187,0.38281488519608,0,0,0,0,0,0,0,0,0,0,1.74689798439781,0,0,0,0
"metabat1.7.faa_contig436pilon_pilon_154",0.785936028605364,1.18389527239187,1.4973827041834,2.19668159538169,2.24262160634391,2.40967275086044,0,0,0,0,2.00393517636671,2.19227141791183,1.09903579045027,1.74689798439781,2.53081550425397,0,1.29176539221842,0
"metabat1.7.faa_contig436pilon_pilon_1541",0.785936028605364,2.13478485261146,1.4973827041834,0,1.16619325035431,0,0,0,0,1.11645381230496,1.840279242946,1.13098460611101,0,0,0,0,0,0
"metabat1.7.faa_contig436pilon_pilon_1543",0,0,0,0,0,0,0,0,0,0,0,0.67359331525981,1.09903579045027,0,2.19668159538169,0,0,0
"metabat1.7.faa_contig436pilon_pilon_1544",2.20822168944952,1.82529197697292,2.82327417442235,1.7610687491275,1.80255518101465,1.44647599839007,0,0,0,2.50399368872529,1.840279242946,3.12689527349591,0,1.74689798439781,0,0,0,0
"metabat1.7.faa_contig436pilon_pilon_1545",1.29185180527056,1.43074458043053,2.39351721646857,1.1340537405337,0,1.44647599839007,0,0,0,3.00158663115357,1.44388713727703,1.4777407110858,0,1.12312357938219,1.1340537405337,0,0,0
"metabat1.7.faa_contig436pilon_pilon_1546",0.785936028605364,0.509913214608311,0,0,0,1.84322922738708,0,0,0,0,1.19559746605447,0.67359331525981,0,0,0,0,0,0
"metabat1.7.faa_contig436pilon_pilon_1547",0.785936028605364,1.98832176012744,2.5514261270497,0,0,2.81536084815067,1.37979066905676,0,0,1.73823503865256,1.44388713727703,1.75709288071739,0,0,1.1340537405337,0,0,0
"metabat1.7.faa_contig436pilon_pilon_1548",3.38055467503265,2.38946916323308,3.33863871741216,2.53081550425397,2.24262160634391,3.61060538920406,0,0,0,2.17133542639018,2.28427424259072,3.22196537340036,3.34154722355649,2.78469305237248,2.53081550425397,0,0,0
"metabat1.7.faa_contig436pilon_pilon_1549",1.29185180527056,0.88590938112637,1.90108923408269,1.7610687491275,0,2.98215586941322,0,0,0,0,1.65565457285634,1.75709288071739,3.49557149056926,0,2.53081550425397,0,0,0
"metabat1.7.faa_contig436pilon_pilon_155",1.29185180527056,1.64146402980544,2.30756971923906,0,0,0,0,0,0,0,1.19559746605447,0.67359331525981,0,1.12312357938219,0,1.9614664838957,0,0
"metabat1.7.faa_contig436pilon_pilon_1550",1.29185180527056,0,0,0,0,1.44647599839007,0,0,0,1.11645381230496,0,0.67359331525981,2.47727817412133,0,0,0,0,0
"metabat1.7.faa_contig436pilon_pilon_1552",0.785936028605364,0.509913214608311,0.685058202165542,1.1340537405337,0,0.897401199107369,0,0,0,0,0.516148531667395,1.13098460611101,0,0,0,0,0,0
"metabat1.7.faa_contig436pilon_pilon_1553",0.785936028605364,2.87960148378125,2.01393892571283,0,0,0.897401199107369,0,0,0,2.17133542639018,2.97858288508698,2.36884809447434,1.09903579045027,1.12312357938219,1.1340537405337,0,0,0
"metabat1.7.faa_contig436pilon_pilon_1555",0.785936028605364,1.64146402980544,1.4973827041834,0,0,0,0,0,0,0,1.44388713727703,1.4777407110858,1.09903579045027,1.12312357938219,0,0,0,0
"metabat1.7.faa_contig436pilon_pilon_1556",1.29185180527056,0.88590938112637,0.38281488519608,0,0,0,0,0,0,0,1.19559746605447,0,0,0,0,0,0,0
"metabat1.7.faa_contig436pilon_pilon_1557",0.785936028605364,0,0,0,0,1.84322922738708,0,0,0,0,0,0.67359331525981,1.71555497817818,1.74689798439781,0,0,0,0
"metabat1.7.faa_contig436pilon_pilon_1558",1.66568014541256,2.26773977122091,0.685058202165542,2.19668159538169,2.24262160634391,2.40967275086044,1.37979066905676,0,1.52740029239538,0,1.19559746605447,1.4777407110858,2.14611569478379,1.74689798439781,1.7610687491275,0,1.29176539221842,0
"metabat1.7.faa_contig436pilon_pilon_156",1.29185180527056,0.88590938112637,0.685058202165542,0,0,1.44647599839007,0,0,0,0,0.516148531667395,0.67359331525981,1.09903579045027,0,0,0,0,0
"metabat1.7.faa_contig436pilon_pilon_1560",0,1.64146402980544,1.33308998856978,0,0,0,0,0,0,0,1.44388713727703,1.13098460611101,0,0,0,0,0,0
"metabat1.7.faa_contig436pilon_pilon_1561",1.29185180527056,1.18389527239187,0.934818605712233,0,0,0,0,0,0,0,1.840279242946,1.4777407110858,0,0,0,0,0,0
"metabat1.7.faa_contig436pilon_pilon_1562",0,0.509913214608311,1.14765426080542,0,0,0,0,0,0,0,1.44388713727703,1.4777407110858,1.09903579045027,0,0,0,0,0
"metabat1.7.faa_contig436pilon_pilon_1565",0,0.88590938112637,0.685058202165542,0,0,0,0,0,0,0,0.89550771308478,0.67359331525981,0,0,0,0,0,0
"metabat1.7.faa_contig436pilon_pilon_1567",0,0.509913214608311,1.14765426080542,2.19668159538169,1.80255518101465,1.84322922738708,0,0,0,0,1.19559746605447,0.67359331525981,3.34154722355649,1.12312357938219,0,0,0,0
"metabat1.7.faa_contig436pilon_pilon_1568",1.66568014541256,1.18389527239187,0.685058202165542,0,0,0.897401199107369,0,0,0,0,0,1.13098460611101,0,1.12312357938219,0,0,0,0
"metabat1.7.faa_contig436pilon_pilon_1570",1.66568014541256,1.64146402980544,1.90108923408269,1.1340537405337,1.80255518101465,1.84322922738708,2.07197274134539,2.0382190429837,0,1.11645381230496,1.44388713727703,1.99102887400464,2.7464361614707,0,0,0,0,0
"metabat1.7.faa_contig436pilon_pilon_1571",0.785936028605364,1.18389527239187,0.685058202165542,0,0,0,0,0,0,1.11645381230496,0.516148531667395,0,0,0,0,0,0,0
"metabat1.7.faa_contig436pilon_pilon_1572",0.785936028605364,1.98832176012744,1.77865745269737,0,0,0.897401199107369,0,1.35258389846972,0,0,1.840279242946,1.13098460611101,0,0,0,1.29118405857877,0,0
"metabat1.7.faa_contig436pilon_pilon_1574",0,2.13478485261146,0.38281488519608,0,0,0,0,0,0,0,0.89550771308478,0.67359331525981,0,0,0,0,0,0
"metabat1.7.faa_contig436pilon_pilon_1575",2.41826115096941,2.13478485261146,2.82327417442235,0,0,1.44647599839007,0,0,0,1.11645381230496,1.44388713727703,2.36884809447434,2.14611569478379,1.12312357938219,1.1340537405337,0,0,0
"metabat1.7.faa_contig436pilon_pilon_1576",0.785936028605364,1.18389527239187,1.4973827041834,0,0,0,0,0,0,1.11645381230496,1.19559746605447,1.13098460611101,0,0,0,0,0,0
"metabat1.7.faa_contig436pilon_pilon_1577",0,0.509913214608311,1.4973827041834,0,0,0,0,0,0,0,1.44388713727703,1.13098460611101,0,0,0,0,0,0
"metabat1.7.faa_contig436pilon_pilon_1578",1.96230563626242,0.509913214608311,1.14765426080542,0,0,0,0,0,1.52740029239538,0,0.89550771308478,0.67359331525981,1.71555497817818,0,0,0,0,1.46983126765765
"metabat1.7.faa_contig436pilon_pilon_158",0,0,1.14765426080542,0,0,1.44647599839007,0,0,0,0,0,0.67359331525981,0,0,0,0,0,0
"metabat1.7.faa_contig436pilon_pilon_1580",1.66568014541256,1.43074458043053,2.01393892571283,0,0,0,0,0,0,0,4.25289648099826,3.12689527349591,0,0,0,0,0,0
"metabat1.7.faa_contig436pilon_pilon_1581",1.66568014541256,2.70299855236506,2.82327417442235,1.1340537405337,1.16619325035431,1.44647599839007,0,0,0,2.50399368872529,3.65690473622165,2.36884809447434,1.09903579045027,1.74689798439781,0,0,0,0
"metabat1.7.faa_contig436pilon_pilon_1582",2.20822168944952,2.38946916323308,2.21617578280615,1.7610687491275,2.85218620740818,1.44647599839007,0,0,0,0,2.51890127711715,2.52615053480768,2.47727817412133,0,1.7610687491275,0,1.29176539221842,0
"metabat1.7.faa_contig436pilon_pilon_1584",3.88362101644719,3.30790282016009,4.6788920408841,1.7610687491275,2.24262160634391,2.81536084815067,2.07197274134539,0,0,2.77413745748303,3.44533485995722,4.09306160581292,1.09903579045027,0,1.7610687491275,0,1.29176539221842,0
"metabat1.7.faa_contig436pilon_pilon_1585",1.66568014541256,0.509913214608311,2.47463106669557,0,0,0.897401199107369,0,1.35258389846972,0,0,1.19559746605447,0.67359331525981,1.09903579045027,0,0,0,0,0
"metabat1.7.faa_contig436pilon_pilon_1586",1.66568014541256,1.43074458043053,1.14765426080542,1.7610687491275,1.80255518101465,0.897401199107369,0,0,0,0,1.65565457285634,1.13098460611101,1.09903579045027,0,0,0,0,1.46983126765765
"metabat1.7.faa_contig436pilon_pilon_1587",1.96230563626242,2.79400061842543,1.14765426080542,0,0,0.897401199107369,0,0,0,0,1.840279242946,1.99102887400464,0,0,0,0,0,0
"metabat1.7.faa_contig436pilon_pilon_1588",0,1.18389527239187,0.934818605712233,0,1.16619325035431,0,0,0,0,0,0.89550771308478,0.67359331525981,0,0,0,0,0,0
"metabat1.7.faa_contig436pilon_pilon_1589",1.29185180527056,2.87960148378125,1.64486408351293,0,0,0,0,0,0,0,0.89550771308478,1.99102887400464,0,1.12312357938219,0,0,0,0
"metabat1.7.faa_contig436pilon_pilon_1590",0.785936028605364,0,1.33308998856978,1.1340537405337,0,0.897401199107369,0,0,0,0,0.516148531667395,0.67359331525981,1.09903579045027,1.12312357938219,0,0,0,0
"metabat1.7.faa_contig436pilon_pilon_1591",0.785936028605364,0.509913214608311,0.934818605712233,0,0,1.44647599839007,0,0,0,0,1.44388713727703,0.67359331525981,1.71555497817818,1.12312357938219,0,0,0,0
"metabat1.7.faa_contig436pilon_pilon_1592",0.785936028605364,1.18389527239187,1.33308998856978,0,2.24262160634391,2.40967275086044,0,0,0,0,0.89550771308478,1.13098460611101,1.09903579045027,1.12312357938219,1.7610687491275,1.29118405857877,0,1.46983126765765
"metabat1.7.faa_contig436pilon_pilon_1594",1.29185180527056,1.64146402980544,1.4973827041834,1.1340537405337,1.16619325035431,1.44647599839007,0,1.35258389846972,0,0,1.19559746605447,0,1.71555497817818,0,0,0,0,0
"metabat1.7.faa_contig436pilon_pilon_1595",0,0,0.38281488519608,1.1340537405337,0,0,0,0,0,0,1.19559746605447,0,1.09903579045027,0,0,0,0,0
"metabat1.7.faa_contig436pilon_pilon_1596",0,1.18389527239187,0.685058202165542,1.1340537405337,1.16619325035431,2.15407448615294,0,0,0,0,1.44388713727703,0,0,0,0,1.9614664838957,0,0
"metabat1.7.faa_contig436pilon_pilon_1597",0.785936028605364,0.509913214608311,0.38281488519608,1.7610687491275,0,2.15407448615294,0,0,0,0,1.19559746605447,0,2.7464361614707,0,0,0,0,0
"metabat1.7.faa_contig436pilon_pilon_1598",0,0.88590938112637,0,0,0,0,0,0,0,0,1.19559746605447,0,0,1.12312357938219,0,0,0,0
"metabat1.7.faa_contig436pilon_pilon_16",0,0.88590938112637,1.33308998856978,0,0,0,0,0,0,0,0.89550771308478,0,0,0,0,0,0,0
"metabat1.7.faa_contig436pilon_pilon_1600",0,0.88590938112637,1.14765426080542,0,0,0,0,0,0,0,1.44388713727703,1.13098460611101,1.09903579045027,0,0,0,0,0
"metabat1.7.faa_contig436pilon_pilon_1601",0.785936028605364,0,0.685058202165542,1.1340537405337,0,1.44647599839007,0,0,0,0,0.516148531667395,1.13098460611101,1.09903579045027,0,0,0,0,0
"metabat1.7.faa_contig436pilon_pilon_1609",1.66568014541256,1.98832176012744,2.47463106669557,1.1340537405337,1.80255518101465,0,2.07197274134539,0,0,2.17133542639018,2.62330189181478,2.66797545578142,1.09903579045027,0,1.1340537405337,0,0,0
"metabat1.7.faa_contig436pilon_pilon_1610",1.96230563626242,1.98832176012744,2.30756971923906,1.1340537405337,1.80255518101465,3.13165008026539,0,0,0,0,1.840279242946,1.75709288071739,1.71555497817818,1.74689798439781,2.19668159538169,0,0,0
"metabat1.7.faa_contig436pilon_pilon_1611",0,0.509913214608311,0.934818605712233,0,0,1.44647599839007,0,0,0,1.11645381230496,1.19559746605447,1.13098460611101,0,0,0,0,0,0
"metabat1.7.faa_contig436pilon_pilon_1612",1.96230563626242,2.87960148378125,0.934818605712233,1.1340537405337,0,2.15407448615294,0,0,0,1.11645381230496,2.28427424259072,2.79709764057128,2.14611569478379,0,0,0,0,0
"metabat1.7.faa_contig436pilon_pilon_1613",0,1.18389527239187,1.33308998856978,1.7610687491275,1.16619325035431,0.897401199107369,0,0,0,1.11645381230496,2.72065470380689,2.36884809447434,1.71555497817818,0,1.7610687491275,0,0,0
"metabat1.7.faa_contig436pilon_pilon_1614",0,1.82529197697292,1.4973827041834,0,0,2.15407448615294,0,0,0,1.11645381230496,0.516148531667395,1.4777407110858,0,0,1.7610687491275,0,0,0
"metabat1.7.faa_contig436pilon_pilon_1615",2.20822168944952,1.82529197697292,2.75996219574681,1.1340537405337,1.80255518101465,1.84322922738708,0,0,0,2.17133542639018,1.44388713727703,2.66797545578142,0,0,1.1340537405337,0,0,0
"metabat1.7.faa_contig436pilon_pilon_1616",0,1.18389527239187,0.38281488519608,0,0,1.84322922738708,0,0,0,0,0,0.67359331525981,0,0,0,0,0,0
"metabat1.7.faa_contig436pilon_pilon_1617",1.96230563626242,1.98832176012744,2.88392414889163,0,0,0,0,0,0,1.73823503865256,2.51890127711715,3.0251155373296,2.47727817412133,1.74689798439781,0,0,0,0
"metabat1.7.faa_contig436pilon_pilon_1618",0,0.509913214608311,0.685058202165542,0,0,0,0,0,0,0,1.44388713727703,2.91560668555758,1.09903579045027,0,0,0,0,0
"metabat1.7.faa_contig436pilon_pilon_1619",1.29185180527056,0,0.934818605712233,0,0,0,0,1.35258389846972,0,0,1.19559746605447,1.13098460611101,1.09903579045027,0,0,0,0,0
"metabat1.7.faa_contig436pilon_pilon_162",2.41826115096941,2.60586750229792,2.69374376525252,2.19668159538169,1.16619325035431,0.897401199107369,0,0,0,2.17133542639018,2.51890127711715,2.66797545578142,1.09903579045027,1.12312357938219,0,0,0,0
"metabat1.7.faa_contig436pilon_pilon_1620",1.96230563626242,1.82529197697292,1.77865745269737,0,0,2.15407448615294,0,0,0,2.50399368872529,1.65565457285634,1.75709288071739,0,0,0,0,0,0
"metabat1.7.faa_contig436pilon_pilon_1621",0.785936028605364,0,0.934818605712233,0,0,0,0,0,0,0,0.89550771308478,0.67359331525981,0,0,0,0,0,0
"metabat1.7.faa_contig436pilon_pilon_1622",1.66568014541256,0.88590938112637,1.64486408351293,0,0,0,0,0,0,0,1.44388713727703,2.66797545578142,0,0,0,0,0,0
"metabat1.7.faa_contig436pilon_pilon_1623",1.29185180527056,1.18389527239187,1.14765426080542,0,0,0,1.37979066905676,0,0,0,2.00393517636671,1.4777407110858,0,1.12312357938219,1.1340537405337,0,0,0
"metabat1.7.faa_contig436pilon_pilon_1624",1.96230563626242,2.87960148378125,2.75996219574681,0,0,1.84322922738708,0,0,0,0,2.62330189181478,1.75709288071739,1.09903579045027,0,1.1340537405337,0,0,0
"metabat1.7.faa_contig436pilon_pilon_1625",0,0,0.38281488519608,1.7610687491275,1.16619325035431,1.44647599839007,0,0,0,0,0,0,1.71555497817818,1.74689798439781,1.1340537405337,0,0,0
"metabat1.7.faa_contig436pilon_pilon_1626",0.785936028605364,0,0,0,1.16619325035431,0.897401199107369,0,0,0,1.11645381230496,0,0,0,2.1809567813732,0,0,0,0
"metabat1.7.faa_contig436pilon_pilon_1627",1.29185180527056,1.43074458043053,1.14765426080542,3.03006654447673,2.24262160634391,2.62673007810211,0,0,0,0,1.44388713727703,1.13098460611101,3.34154722355649,1.12312357938219,2.19668159538169,0,0,1.46983126765765
"metabat1.7.faa_contig436pilon_pilon_1628",0,0.88590938112637,1.64486408351293,1.7610687491275,0,1.44647599839007,0,0,0,0,0.89550771308478,0.67359331525981,2.97318671073354,0,0,0,0,0
"metabat1.7.faa_contig436pilon_pilon_1629",1.29185180527056,0,0.934818605712233,0,0,0,0,0,0,0,1.19559746605447,0,0,2.1809567813732,0,0,0,0
"metabat1.7.faa_contig436pilon_pilon_163",4.01867185355295,4.1321340005954,3.4228074703425,1.1340537405337,2.24262160634391,2.15407448615294,2.07197274134539,3.56995718793162,2.25257262097379,4.60660074038263,3.32664902010796,4.48680885360275,4.08658057769905,2.51417842914998,2.53081550425397,4.08067225672693,4.75856665667823,3.30004679866271
"metabat1.7.faa_contig436pilon_pilon_1630",1.29185180527056,1.82529197697292,2.47463106669557,1.7610687491275,0,1.44647599839007,0,0,0,1.73823503865256,1.19559746605447,1.13098460611101,2.14611569478379,0,0,0,0,0
"metabat1.7.faa_contig436pilon_pilon_1631",0,0.509913214608311,0.685058202165542,0,0,0,0,0,0,0,0.516148531667395,1.4777407110858,0,0,0,0,0,0
"metabat1.7.faa_contig436pilon_pilon_1632",0,2.13478485261146,1.64486408351293,0,0,0,0,0,0,0,1.840279242946,2.19227141791183,1.09903579045027,0,1.1340537405337,0,0,0
"metabat1.7.faa_contig436pilon_pilon_1634",1.66568014541256,0.88590938112637,1.33308998856978,1.1340537405337,0,0,0,0,0,0,1.19559746605447,0,0,1.12312357938219,0,0,0,0
"metabat1.7.faa_contig436pilon_pilon_1635",2.20822168944952,2.50172189281124,1.64486408351293,0,0,2.15407448615294,0,0,0,0,2.51890127711715,2.19227141791183,2.14611569478379,0,0,0,0,0
"metabat1.7.faa_contig436pilon_pilon_1637",2.41826115096941,0.88590938112637,1.77865745269737,0,0,0,0,0,0,0,0.89550771308478,1.13098460611101,0,0,0,0,0,0
"metabat1.7.faa_contig436pilon_pilon_1638",0,0.509913214608311,1.14765426080542,0,0,0,0,0,0,0,0.89550771308478,0.67359331525981,0,0,0,0,0,0
"metabat1.7.faa_contig436pilon_pilon_1639",1.66568014541256,2.79400061842543,1.33308998856978,0,0,0,0,0,0,1.73823503865256,1.65565457285634,1.99102887400464,0,0,0,0,0,0
"metabat1.7.faa_contig436pilon_pilon_164",1.29185180527056,1.18389527239187,1.4973827041834,1.1340537405337,0,0,0,0,0,1.11645381230496,0.89550771308478,1.4777407110858,0,0,0,0,0,0
"metabat1.7.faa_contig436pilon_pilon_1640",1.96230563626242,2.13478485261146,2.47463106669557,2.80193012411026,2.85218620740818,4.55030947982184,2.07197274134539,0,2.25257262097379,0,2.72065470380689,0,4.18044402661824,3.53650372487776,3.55492163421865,1.29118405857877,1.96219704722974,0
"metabat1.7.faa_contig436pilon_pilon_1641",0.785936028605364,1.43074458043053,0.685058202165542,1.1340537405337,0,1.44647599839007,0,0,0,0,1.44388713727703,0.67359331525981,1.09903579045027,0,1.1340537405337,0,0,0
"metabat1.7.faa_contig436pilon_pilon_1642",2.20822168944952,1.43074458043053,0,2.19668159538169,0,0,0,0,0,0,0.516148531667395,0.67359331525981,0,0,2.19668159538169,0,0,0
"metabat1.7.faa_contig436pilon_pilon_1643",1.29185180527056,0,1.33308998856978,1.1340537405337,0,2.98215586941322,0,0,0,0,0,0.67359331525981,2.47727817412133,0,2.53081550425397,0,0,0
"metabat1.7.faa_contig436pilon_pilon_1644",0,1.18389527239187,0.934818605712233,0,0,0,0,1.35258389846972,0,0,0.516148531667395,0,0,1.12312357938219,0,0,0,0
"metabat1.7.faa_contig436pilon_pilon_1645",0,1.18389527239187,0,0,0,0,0,0,0,0,0.89550771308478,0,0,0,0,0,0,0
"metabat1.7.faa_contig436pilon_pilon_1646",1.66568014541256,2.26773977122091,0.934818605712233,0,0,0,0,0,0,1.11645381230496,1.44388713727703,1.4777407110858,0,0,0,0,0,0
"metabat1.7.faa_contig436pilon_pilon_1647",0.785936028605364,1.18389527239187,0.934818605712233,0,0,0,0,0,0,0,0.89550771308478,0.67359331525981,1.09903579045027,1.74689798439781,1.7610687491275,0,0,0
"metabat1.7.faa_contig436pilon_pilon_1648",3.95272612376576,3.17876660480948,4.26551230350554,2.80193012411026,3.27936919850574,3.80122214990775,0,0,2.25257262097379,3.37087159342887,3.05523864457788,3.93366505780459,1.09903579045027,3.20902661097063,3.22700466328771,2.41734347868894,1.96219704722974,1.46983126765765
"metabat1.7.faa_contig436pilon_pilon_165",1.29185180527056,1.43074458043053,2.11859814958117,1.1340537405337,0,2.40967275086044,2.07197274134539,0,0,0,1.44388713727703,1.13098460611101,0,0,2.19668159538169,0,0,1.46983126765765
"metabat1.7.faa_contig436pilon_pilon_1651",0.785936028605364,1.98832176012744,1.33308998856978,0,1.16619325035431,0.897401199107369,0,0,0,0,2.00393517636671,0.67359331525981,0,0,0,0,0,0
"metabat1.7.faa_contig436pilon_pilon_1652",0,0.509913214608311,0.685058202165542,0,0,1.44647599839007,0,0,0,0,0.516148531667395,0,0,0,0,0,0,0
"metabat1.7.faa_contig436pilon_pilon_1653",0,0.509913214608311,0.38281488519608,0,0,0,0,0,0,0,0.89550771308478,0.67359331525981,1.09903579045027,0,0,0,0,0
"metabat1.7.faa_contig436pilon_pilon_1655",2.60157159760965,2.79400061842543,3.93381062383076,0,1.16619325035431,0,0,0,0,3.19801267565096,2.00393517636671,4.14250672960073,1.09903579045027,0,0,0,0,0
"metabat1.7.faa_contig436pilon_pilon_1656",0.785936028605364,0,0.38281488519608,0,0,0,0,0,0,0,0.89550771308478,0.67359331525981,0,0,0,0,0,0
"metabat1.7.faa_contig436pilon_pilon_1657",0,0.88590938112637,0.38281488519608,1.1340537405337,1.16619325035431,0,0,0,0,0,1.19559746605447,0,0,1.12312357938219,0,0,0,0
"metabat1.7.faa_contig436pilon_pilon_1658",0,0,0,0,2.24262160634391,1.44647599839007,0,2.0382190429837,0,0,1.19559746605447,0.67359331525981,1.71555497817818,1.74689798439781,1.1340537405337,0,0,0
"metabat1.7.faa_contig436pilon_pilon_1659",0.785936028605364,1.43074458043053,0.934818605712233,0,0,0,0,0,0,0,0.516148531667395,0,0,1.12312357938219,0,0,0,0
"metabat1.7.faa_contig436pilon_pilon_166",0.785936028605364,1.43074458043053,0.685058202165542,0,1.80255518101465,0,1.37979066905676,0,0,0,1.44388713727703,0.67359331525981,1.09903579045027,0,0,0,0,0
"metabat1.7.faa_contig436pilon_pilon_1660",0.785936028605364,0,0.685058202165542,0,0,0,0,0,0,0,1.840279242946,0,0,1.74689798439781,0,0,0,0
"metabat1.7.faa_contig436pilon_pilon_1665",0,1.64146402980544,1.90108923408269,1.1340537405337,1.16619325035431,0,0,0,0,1.73823503865256,1.19559746605447,1.4777407110858,0,1.12312357938219,1.7610687491275,0,0,0
"metabat1.7.faa_contig436pilon_pilon_1667",0,1.82529197697292,1.33308998856978,2.19668159538169,2.57936124805689,1.44647599839007,0,1.35258389846972,0,0,2.28427424259072,1.99102887400464,1.71555497817818,0,1.1340537405337,0,0,0
"metabat1.7.faa_contig436pilon_pilon_1668",0.785936028605364,0,0.934818605712233,1.7610687491275,2.24262160634391,1.44647599839007,1.37979066905676,0,0,1.11645381230496,1.19559746605447,0,1.09903579045027,0,1.1340537405337,0,0,0
"metabat1.7.faa_contig436pilon_pilon_1669",0,0,0.38281488519608,0,0,0.897401199107369,0,0,0,0,0,1.13098460611101,2.14611569478379,0,0,0,0,1.46983126765765
"metabat1.7.faa_contig436pilon_pilon_167",0.785936028605364,2.26773977122091,1.4973827041834,1.1340537405337,1.16619325035431,1.44647599839007,0,0,0,0,0.516148531667395,1.4777407110858,0,0,1.7610687491275,0,0,0
"metabat1.7.faa_contig436pilon_pilon_1670",1.29185180527056,0.88590938112637,0.685058202165542,1.1340537405337,0,1.44647599839007,0,0,0,1.11645381230496,0.516148531667395,0.67359331525981,2.47727817412133,0,2.53081550425397,0,0,0
"metabat1.7.faa_contig436pilon_pilon_1671",1.29185180527056,0,1.4973827041834,2.19668159538169,0,2.81536084815067,0,0,0,1.11645381230496,1.840279242946,1.75709288071739,1.09903579045027,2.1809567813732,1.1340537405337,0,0,0
"metabat1.7.faa_contig436pilon_pilon_1672",0,1.64146402980544,2.30756971923906,2.80193012411026,2.24262160634391,3.88784897214272,0,0,1.52740029239538,1.73823503865256,1.65565457285634,1.99102887400464,3.63472659822075,2.1809567813732,1.7610687491275,0,1.96219704722974,1.46983126765765
"metabat1.7.faa_contig436pilon_pilon_1673",1.96230563626242,1.18389527239187,1.4973827041834,2.53081550425397,2.24262160634391,3.39091296255041,1.37979066905676,0,0,1.11645381230496,1.44388713727703,1.99102887400464,3.76163235739226,3.53650372487776,2.19668159538169,1.29118405857877,1.96219704722974,1.46983126765765
"metabat1.7.faa_contig436pilon_pilon_1674",0.785936028605364,0.509913214608311,2.01393892571283,1.1340537405337,1.16619325035431,1.44647599839007,0,0,0,0,1.19559746605447,1.13098460611101,3.16909176668987,1.74689798439781,1.1340537405337,0,0,0
"metabat1.7.faa_contig436pilon_pilon_1675",1.29185180527056,2.26773977122091,2.11859814958117,2.19668159538169,3.45332008117911,4.25677358996901,0,1.35258389846972,0,1.11645381230496,1.840279242946,1.99102887400464,4.82836526055893,2.1809567813732,1.7610687491275,0,3.042884725337,0
"metabat1.7.faa_contig436pilon_pilon_1678",0.785936028605364,1.18389527239187,1.77865745269737,0,0,0,0,0,0,0,2.40635221835154,0.67359331525981,0,0,0,0,0,0
"metabat1.7.faa_contig436pilon_pilon_1680",0,0.88590938112637,0.38281488519608,1.1340537405337,0,0,0,0,0,0,0,0,0,1.12312357938219,0,0,0,0
"metabat1.7.faa_contig436pilon_pilon_1681",1.29185180527056,0,0,0,0,0,0,0,0,0,1.44388713727703,0,0,0,0,0,0,0
"metabat1.7.faa_contig436pilon_pilon_1682",0,0.509913214608311,1.64486408351293,0,0,0,0,0,0,0,0.89550771308478,1.13098460611101,0,0,0,0,0,0
"metabat1.7.faa_contig436pilon_pilon_1683",0,0.88590938112637,0,0,0,1.44647599839007,0,0,0,1.11645381230496,0.89550771308478,0,0,0,0,0,0,0
"metabat1.7.faa_contig436pilon_pilon_1684",0,1.18389527239187,0.38281488519608,0,0,0.897401199107369,0,0,0,0,0,0,0,0,0,0,0,0
"metabat1.7.faa_contig436pilon_pilon_1685",3.56841638845068,3.4264236826763,2.88392414889163,2.19668159538169,1.80255518101465,1.84322922738708,1.37979066905676,2.85095210606296,3.09265345005153,3.79175908626798,2.72065470380689,2.91560668555758,1.71555497817818,2.1809567813732,2.53081550425397,1.29118405857877,2.76406976883088,2.18262553826444
"metabat1.7.faa_contig436pilon_pilon_1687",1.29185180527056,0.88590938112637,0.685058202165542,0,0,0,0,0,0,0,0.89550771308478,0,0,0,0,0,0,0
"metabat1.7.faa_contig436pilon_pilon_1689",1.29185180527056,0.88590938112637,0.38281488519608,2.80193012411026,0,2.15407448615294,0,0,0,1.11645381230496,0.89550771308478,0,0,0,2.80193012411026,0,0,0
"metabat1.7.faa_contig436pilon_pilon_169",0,1.18389527239187,1.4973827041834,1.1340537405337,0,0.897401199107369,0,0,0,0,0.89550771308478,1.13098460611101,0,0,0,0,0,0
"metabat1.7.faa_contig436pilon_pilon_1690",0.785936028605364,0.509913214608311,1.33308998856978,1.1340537405337,1.16619325035431,1.44647599839007,0,0,0,0,0,0.67359331525981,1.71555497817818,0,2.80193012411026,0,0,1.46983126765765
"metabat1.7.faa_contig436pilon_pilon_1691",0.785936028605364,0.509913214608311,0,0,0,0,0,0,0,1.11645381230496,0.89550771308478,0.67359331525981,0,0,1.1340537405337,0,0,0
"metabat1.7.faa_contig436pilon_pilon_1692",1.96230563626242,0.88590938112637,1.33308998856978,1.1340537405337,0,1.44647599839007,0,0,0,0,1.19559746605447,1.4777407110858,0,0,0,0,0,0
"metabat1.7.faa_contig436pilon_pilon_1693",0.785936028605364,1.64146402980544,1.90108923408269,2.19668159538169,2.24262160634391,0.897401199107369,0,0,0,1.11645381230496,0.89550771308478,1.4777407110858,1.71555497817818,2.1809567813732,1.1340537405337,0,0,0
"metabat1.7.faa_contig436pilon_pilon_1694",1.29185180527056,1.18389527239187,2.94212696831667,2.80193012411026,2.85218620740818,2.98215586941322,0,0,0,2.77413745748303,2.28427424259072,2.66797545578142,3.16909176668987,2.1809567813732,1.1340537405337,0,0,0
"metabat1.7.faa_contig436pilon_pilon_1695",0.785936028605364,2.50172189281124,2.01393892571283,0,0,0,0,0,0,1.11645381230496,2.40635221835154,1.13098460611101,0,0,0,0,0,0
"metabat1.7.faa_contig436pilon_pilon_1696",0.785936028605364,1.98832176012744,0,0,0,0,0,0,0,1.11645381230496,0.89550771308478,0,0,1.12312357938219,0,0,0,0
"metabat1.7.faa_contig436pilon_pilon_1699",0,0,0.685058202165542,1.7610687491275,1.16619325035431,0.897401199107369,0,0,0,0,1.19559746605447,0.67359331525981,1.09903579045027,0,1.1340537405337,0,0,0
"metabat1.7.faa_contig436pilon_pilon_17",0.785936028605364,0.88590938112637,0.685058202165542,0,0,0,1.37979066905676,0,0,0,1.19559746605447,0.67359331525981,0,0,0,0,0,0
"metabat1.7.faa_contig436pilon_pilon_170",0,0.88590938112637,0.38281488519608,0,0,0,0,0,0,0,0.516148531667395,0.67359331525981,0,0,0,0,0,0
"metabat1.7.faa_contig436pilon_pilon_1702",0,0.509913214608311,1.90108923408269,0,0,0,0,0,0,0,0.516148531667395,1.75709288071739,0,0,0,0,0,0
"metabat1.7.faa_contig436pilon_pilon_1704",1.29185180527056,1.18389527239187,1.14765426080542,0,0,0.897401199107369,0,0,0,0,0,0,2.97318671073354,0,0,0,0,0
"metabat1.7.faa_contig436pilon_pilon_1705",0,0,1.4973827041834,0,0,0,0,0,0,0,0,0,0,0,0,0,0,0
"metabat1.7.faa_contig436pilon_pilon_1706",0,0.88590938112637,0.934818605712233,0,0,0,0,0,0,0,0,0,0,0,0,0,0,0
"metabat1.7.faa_contig436pilon_pilon_1708",0,0.88590938112637,0,0,0,0,0,0,0,0,1.44388713727703,1.13098460611101,0,0,0,1.29118405857877,0,0
"metabat1.7.faa_contig436pilon_pilon_1710",0,1.18389527239187,0.38281488519608,0,0,0,0,0,0,0,1.44388713727703,0,0,0,0,0,0,0
"metabat1.7.faa_contig436pilon_pilon_1712",0,1.18389527239187,0,0,0,0,0,0,0,0,0.89550771308478,0.67359331525981,0,0,0,0,0,0
"metabat1.7.faa_contig436pilon_pilon_1713",0,0,0,0,1.16619325035431,0,0,0,0,0,1.65565457285634,0,0,0,0,0,0,0
"metabat1.7.faa_contig436pilon_pilon_1714",0,0.509913214608311,0.934818605712233,0,0,0,0,0,0,0,0.89550771308478,0.67359331525981,1.09903579045027,0,0,1.29118405857877,0,0
"metabat1.7.faa_contig436pilon_pilon_1715",0,1.18389527239187,0.38281488519608,0,0,0,0,0,0,0,1.19559746605447,1.13098460611101,0,0,0,0,0,0
"metabat1.7.faa_contig436pilon_pilon_1716",0,1.18389527239187,0.934818605712233,0,0,0,0,0,0,0,1.19559746605447,0,1.71555497817818,0,0,0,0,0
"metabat1.7.faa_contig436pilon_pilon_1717",0.785936028605364,0.88590938112637,0,0,0,0,0,0,0,1.11645381230496,1.19559746605447,0.67359331525981,0,0,0,0,0,0
"metabat1.7.faa_contig436pilon_pilon_1718",0.785936028605364,1.43074458043053,0.934818605712233,0,0,0,0,0,0,0,1.19559746605447,0,0,0,0,0,0,0
"metabat1.7.faa_contig436pilon_pilon_1721",0,1.64146402980544,1.33308998856978,0,0,0,0,0,0,0,0.89550771308478,1.4777407110858,0,0,0,1.29118405857877,0,0
"metabat1.7.faa_contig436pilon_pilon_1722",0,1.18389527239187,0.685058202165542,0,0,0,0,0,0,0,0.516148531667395,0,0,0,0,0,0,0
"metabat1.7.faa_contig436pilon_pilon_1723",0,1.82529197697292,1.14765426080542,0,0,0,0,0,0,0,2.00393517636671,1.99102887400464,0,0,0,0,0,0
"metabat1.7.faa_contig436pilon_pilon_1725",0.785936028605364,1.82529197697292,0.685058202165542,0,0,0,0,0,0,0,0.89550771308478,0,0,0,0,0,0,0
"metabat1.7.faa_contig436pilon_pilon_1726",0,1.82529197697292,0.38281488519608,0,0,0.897401199107369,0,0,0,2.17133542639018,1.840279242946,1.75709288071739,0,0,0,0,0,0
"metabat1.7.faa_contig436pilon_pilon_1729",0.785936028605364,0.88590938112637,1.77865745269737,0,2.24262160634391,2.15407448615294,0,0,0,1.11645381230496,0.516148531667395,0,1.09903579045027,1.74689798439781,1.7610687491275,0,0,0
"metabat1.7.faa_contig436pilon_pilon_173",1.66568014541256,1.82529197697292,1.90108923408269,0,0,0,0,0,0,0,1.840279242946,0,0,0,0,0,0,0
"metabat1.7.faa_contig436pilon_pilon_1730",2.20822168944952,1.82529197697292,2.94212696831667,1.1340537405337,0,2.81536084815067,2.07197274134539,0,0,1.73823503865256,2.15090332733127,3.12689527349591,1.71555497817818,2.1809567813732,1.7610687491275,0,0,0
"metabat1.7.faa_contig436pilon_pilon_1731",0,0.509913214608311,0.38281488519608,0,1.16619325035431,0,0,0,0,1.11645381230496,0,1.4777407110858,1.09903579045027,0,0,0,0,0
"metabat1.7.faa_contig436pilon_pilon_1732",0,1.18389527239187,1.33308998856978,0,0,1.44647599839007,0,0,0,1.11645381230496,1.19559746605447,1.13098460611101,0,1.74689798439781,0,0,0,0
"metabat1.7.faa_contig436pilon_pilon_1736",0,0,2.30756971923906,0,0,0,0,0,0,1.73823503865256,0.516148531667395,0,0,0,0,0,0,0
"metabat1.7.faa_contig436pilon_pilon_1737",0.785936028605364,1.43074458043053,1.33308998856978,0,0,0,0,0,0,0,1.44388713727703,1.4777407110858,0,0,0,0,0,0
"metabat1.7.faa_contig436pilon_pilon_1739",0,0.509913214608311,1.33308998856978,0,1.16619325035431,1.84322922738708,0,0,0,1.11645381230496,0.516148531667395,1.4777407110858,0,0,1.7610687491275,0,0,0
"metabat1.7.faa_contig436pilon_pilon_1740",0,1.43074458043053,0.934818605712233,0,0,0.897401199107369,0,0,0,0,1.65565457285634,0.67359331525981,0,0,0,0,0,0
"metabat1.7.faa_contig436pilon_pilon_1741",2.20822168944952,1.98832176012744,2.88392414889163,0,0,0,0,0,0,1.73823503865256,2.40635221835154,0.67359331525981,1.71555497817818,0,1.1340537405337,1.29118405857877,0,0
"metabat1.7.faa_contig436pilon_pilon_1742",1.29185180527056,2.38946916323308,2.21617578280615,1.1340537405337,0,0,0,0,0,0,1.840279242946,2.19227141791183,1.09903579045027,1.12312357938219,1.1340537405337,0,0,0
"metabat1.7.faa_contig436pilon_pilon_1743",1.29185180527056,0.88590938112637,1.77865745269737,1.1340537405337,1.80255518101465,0.897401199107369,0,0,0,0,0.516148531667395,0.67359331525981,1.09903579045027,0,2.80193012411026,1.9614664838957,0,0
"metabat1.7.faa_contig436pilon_pilon_1744",0.785936028605364,0.88590938112637,0.685058202165542,1.7610687491275,1.80255518101465,2.15407448615294,0,0,0,0,0,1.13098460611101,2.14611569478379,1.74689798439781,2.53081550425397,0,0,0
"metabat1.7.faa_contig436pilon_pilon_1745",0.785936028605364,1.43074458043053,0,2.80193012411026,0,0,0,0,0,0,1.19559746605447,0.67359331525981,0,0,1.7610687491275,0,0,0
"metabat1.7.faa_contig436pilon_pilon_1746",2.60157159760965,3.2447791097307,3.64933608876011,1.7610687491275,0,2.62673007810211,1.37979066905676,2.0382190429837,2.73291553002157,3.19801267565096,3.05523864457788,4.32490456016521,4.43015586448505,2.1809567813732,2.19668159538169,0,0,0
"metabat1.7.faa_contig436pilon_pilon_1747",2.76419434237269,1.98832176012744,2.30756971923906,1.1340537405337,2.57936124805689,1.84322922738708,0,0,0,1.11645381230496,2.00393517636671,1.99102887400464,3.87827190983408,1.12312357938219,3.40025988685526,0,0,0
"metabat1.7.faa_contig436pilon_pilon_1748",0.785936028605364,0.509913214608311,0.685058202165542,0,0,2.15407448615294,0,0,0,0,0,0,1.09903579045027,0,2.19668159538169,0,0,0
"metabat1.7.faa_contig436pilon_pilon_1749",2.20822168944952,1.18389527239187,2.47463106669557,1.1340537405337,2.85218620740818,1.84322922738708,0,1.35258389846972,0,1.73823503865256,1.840279242946,2.66797545578142,2.47727817412133,1.12312357938219,1.1340537405337,0,1.29176539221842,0
"metabat1.7.faa_contig436pilon_pilon_175",1.96230563626242,1.43074458043053,2.01393892571283,0,0,0,0,0,0,0,0.89550771308478,1.4777407110858,0,0,0,0,0,0
"metabat1.7.faa_contig436pilon_pilon_1750",0,1.18389527239187,2.30756971923906,0,0,0,0,0,0,0,1.19559746605447,0,0,0,0,0,0,0
"metabat1.7.faa_contig436pilon_pilon_1751",0.785936028605364,1.43074458043053,0.38281488519608,0,0,0.897401199107369,0,0,0,0,0.89550771308478,1.13098460611101,0,0,0,0,0,0
"metabat1.7.faa_contig436pilon_pilon_1752",0,1.43074458043053,0.934818605712233,0,0,0,0,0,0,1.11645381230496,0.89550771308478,0.67359331525981,0,0,0,0,0,0
"metabat1.7.faa_contig436pilon_pilon_1753",1.66568014541256,1.18389527239187,0.934818605712233,0,0,0,0,0,0,0,1.65565457285634,0,0,0,0,0,0,0
"metabat1.7.faa_contig436pilon_pilon_1754",0,0,0.685058202165542,1.1340537405337,0,1.44647599839007,0,2.0382190429837,0,0,0.89550771308478,0.67359331525981,1.09903579045027,1.12312357938219,1.1340537405337,0,0,0
"metabat1.7.faa_contig436pilon_pilon_1755",0,0,1.14765426080542,0,0,0,0,0,0,1.11645381230496,0.516148531667395,0,0,0,0,0,0,0
"metabat1.7.faa_contig436pilon_pilon_1757",2.20822168944952,0.509913214608311,2.47463106669557,3.69459678192323,3.60853581039944,2.15407448615294,0,0,0,0,4.76755232513008,3.54975961724173,2.14611569478379,2.78469305237248,1.7610687491275,0,0,0
"metabat1.7.faa_contig436pilon_pilon_1758",1.96230563626242,1.82529197697292,2.62433913730106,0,0,0,0,0,0,1.73823503865256,4.69753301242724,3.31115602998447,0,0,0,0,0,0
"metabat1.7.faa_contig436pilon_pilon_1759",2.41826115096941,0.88590938112637,2.5514261270497,2.19668159538169,2.57936124805689,3.13165008026539,0,0,0,1.11645381230496,2.28427424259072,1.4777407110858,1.09903579045027,0,2.19668159538169,0,0,0
"metabat1.7.faa_contig436pilon_pilon_176",0.785936028605364,0.509913214608311,0.934818605712233,0,0,0,0,0,0,0,0,1.13098460611101,0,1.12312357938219,0,0,0,0
"metabat1.7.faa_contig436pilon_pilon_1760",1.66568014541256,1.18389527239187,2.01393892571283,1.1340537405337,0,0,0,0,0,0,1.840279242946,1.99102887400464,0,1.74689798439781,0,0,0,0
"metabat1.7.faa_contig436pilon_pilon_1762",1.66568014541256,0,0.685058202165542,0,0,0,0,0,0,0,0.89550771308478,0,0,0,0,0,0,0
"metabat1.7.faa_contig436pilon_pilon_1763",0.785936028605364,0.88590938112637,1.14765426080542,0,0,0,0,0,0,0,1.19559746605447,0,0,0,0,0,0,0
"metabat1.7.faa_contig436pilon_pilon_1764",0,1.43074458043053,0.38281488519608,0,0,0,0,0,0,0,2.28427424259072,0.67359331525981,0,0,0,0,0,0
"metabat1.7.faa_contig436pilon_pilon_1765",2.76419434237269,0.88590938112637,2.47463106669557,0,0,0,0,0,0,0,5.09255338261007,2.36884809447434,0,1.74689798439781,1.1340537405337,0,1.29176539221842,0
"metabat1.7.faa_contig436pilon_pilon_1766",0,0.88590938112637,0.685058202165542,0,0,0,0,0,0,0,0.89550771308478,0.67359331525981,1.09903579045027,0,0,0,0,0
"metabat1.7.faa_contig436pilon_pilon_1767",0,0.88590938112637,0,1.1340537405337,0,0,0,0,0,0,1.19559746605447,0.67359331525981,0,0,0,0,0,0
"metabat1.7.faa_contig436pilon_pilon_1768",1.29185180527056,0,0,0,0,0,0,0,0,0,0,1.13098460611101,1.09903579045027,0,0,0,0,0
"metabat1.7.faa_contig436pilon_pilon_1769",0,0.509913214608311,0.685058202165542,0,0,0,0,0,0,0,0.516148531667395,0,0,0,0,0,1.29176539221842,0
"metabat1.7.faa_contig436pilon_pilon_177",1.29185180527056,0.88590938112637,0.685058202165542,0,0,0,0,0,0,0,0.516148531667395,0.67359331525981,0,0,0,0,0,0
"metabat1.7.faa_contig436pilon_pilon_1770",0.785936028605364,1.18389527239187,1.4973827041834,0,0,0,0,0,0,0,1.44388713727703,1.13098460611101,0,0,0,0,0,0
"metabat1.7.faa_contig436pilon_pilon_1773",0.785936028605364,0.509913214608311,0.685058202165542,0,0,0,0,0,0,0,0.516148531667395,0,0,0,0,0,0,0
"metabat1.7.faa_contig436pilon_pilon_1775",1.66568014541256,1.64146402980544,0.934818605712233,0,0,0,0,0,0,0,2.15090332733127,0,0,0,0,0,0,0
"metabat1.7.faa_contig436pilon_pilon_1776",0,1.18389527239187,0.685058202165542,0,0,0,0,0,0,0,1.19559746605447,1.13098460611101,0,0,0,0,0,0
"metabat1.7.faa_contig436pilon_pilon_1777",0,1.98832176012744,1.33308998856978,0,0,0,0,0,0,0,0.89550771308478,1.4777407110858,0,1.12312357938219,0,0,0,0
"metabat1.7.faa_contig436pilon_pilon_1780",0,0.509913214608311,2.47463106669557,0,0,0,0,0,0,0,1.19559746605447,2.52615053480768,0,0,1.1340537405337,0,0,0
"metabat1.7.faa_contig436pilon_pilon_1781",4.36132531669898,3.77809669283694,4.121819829699,0,0,2.40967275086044,1.37979066905676,0,0,3.00158663115357,3.75208855671613,4.40812669947005,0,0,1.1340537405337,0,0,0
"metabat1.7.faa_contig436pilon_pilon_1783",0,0.88590938112637,1.77865745269737,2.19668159538169,1.16619325035431,0,0,0,0,0,1.65565457285634,1.4777407110858,0,0,0,0,0,0
"metabat1.7.faa_contig436pilon_pilon_1784",0.785936028605364,1.64146402980544,1.14765426080542,1.1340537405337,1.16619325035431,1.44647599839007,0,0,0,0,2.00393517636671,1.4777407110858,1.09903579045027,1.12312357938219,2.19668159538169,0,0,0
"metabat1.7.faa_contig436pilon_pilon_1785",0,0.88590938112637,0.934818605712233,1.1340537405337,1.80255518101465,0.897401199107369,0,0,0,0,0.516148531667395,0,0,0,0,0,0,0
"metabat1.7.faa_contig436pilon_pilon_1790",3.04301307761808,1.43074458043053,0.38281488519608,0,0,0,0,0,0,0,1.65565457285634,1.4777407110858,0,0,0,0,0,0
"metabat1.7.faa_contig436pilon_pilon_1791",7.66057040419773,5.41103719332196,6.19621858636493,5.00285489671934,5.39431483208481,4.79410049822842,6.47778797465765,7.13783320531136,7.5926905391806,5.26229342995501,7.35394055745477,6.11748083382493,4.88522632274544,4.6860406212483,5.49842922214948,6.57097498823078,7.75050362941822,6.53969449360016
"metabat1.7.faa_contig436pilon_pilon_1792",1.29185180527056,0,0.685058202165542,2.53081550425397,0,0,1.37979066905676,0,0,0,0.89550771308478,0,0,1.74689798439781,1.1340537405337,1.9614664838957,0,0
"metabat1.7.faa_contig436pilon_pilon_1793",2.20822168944952,1.18389527239187,2.21617578280615,0,0,1.44647599839007,0,0,0,1.11645381230496,0.89550771308478,1.99102887400464,0,0,0,0,0,0
"metabat1.7.faa_contig436pilon_pilon_1795",0,2.26773977122091,1.64486408351293,0,0,0,0,0,0,1.11645381230496,1.19559746605447,1.13098460611101,0,0,0,0,0,0
"metabat1.7.faa_contig436pilon_pilon_1796",0,1.43074458043053,0.38281488519608,0,0,0,0,1.35258389846972,0,0,0.89550771308478,1.4777407110858,0,0,0,0,0,0
"metabat1.7.faa_contig436pilon_pilon_1797",0,0.509913214608311,1.14765426080542,0,1.16619325035431,0.897401199107369,0,0,0,0,0.89550771308478,1.75709288071739,0,0,0,0,0,0
"metabat1.7.faa_contig436pilon_pilon_1798",1.29185180527056,2.50172189281124,2.11859814958117,0,0,0.897401199107369,0,0,0,0,1.65565457285634,2.52615053480768,0,0,0,0,0,0
"metabat1.7.faa_contig436pilon_pilon_1799",2.60157159760965,2.79400061842543,3.50233522442631,0,0,0,0,1.35258389846972,0,2.17133542639018,2.97858288508698,3.93366505780459,0,2.51417842914998,0,0,0,0
"metabat1.7.faa_contig436pilon_pilon_18",0.785936028605364,0,0,0,0,0,0,0,0,0,1.19559746605447,0,0,1.12312357938219,0,0,0,0
"metabat1.7.faa_contig436pilon_pilon_1801",2.60157159760965,2.50172189281124,3.38133682150871,3.82193485693565,2.24262160634391,4.19015269404268,0,0,1.52740029239538,3.90858294015622,2.97858288508698,3.39515229077606,2.97318671073354,3.01240483997652,3.22700466328771,0,1.29176539221842,0
"metabat1.7.faa_contig436pilon_pilon_1802",3.04301307761808,2.79400061842543,3.24925354318237,0,1.16619325035431,1.44647599839007,0,0,0,0,1.840279242946,3.22196537340036,0,0,1.1340537405337,0,0,0
"metabat1.7.faa_contig436pilon_pilon_1803",1.29185180527056,0.88590938112637,1.64486408351293,1.1340537405337,0,0,0,0,0,1.73823503865256,2.15090332733127,0,0,0,0,0,1.29176539221842,0
"metabat1.7.faa_contig436pilon_pilon_1804",1.29185180527056,0.509913214608311,0.38281488519608,0,0,0.897401199107369,0,0,0,1.11645381230496,0,0.67359331525981,0,0,0,0,0,0
"metabat1.7.faa_contig436pilon_pilon_1806",1.96230563626242,1.98832176012744,0.934818605712233,0,0,0,0,0,0,1.11645381230496,1.19559746605447,0.67359331525981,0,0,1.1340537405337,0,0,0
"metabat1.7.faa_contig436pilon_pilon_1807",0,1.18389527239187,0.685058202165542,1.1340537405337,0,0.897401199107369,0,0,0,0,1.19559746605447,0,1.71555497817818,0,1.1340537405337,0,0,0
"metabat1.7.faa_contig436pilon_pilon_1808",0,0.509913214608311,1.77865745269737,0,1.16619325035431,0,0,0,0,1.11645381230496,1.65565457285634,0.67359331525981,0,0,0,0,0,0
"metabat1.7.faa_contig436pilon_pilon_1809",0.785936028605364,1.43074458043053,1.64486408351293,0,0,0,0,0,0,1.11645381230496,0.89550771308478,1.13098460611101,0,0,0,0,0,0
"metabat1.7.faa_contig436pilon_pilon_181",1.96230563626242,1.98832176012744,3.10384765804431,2.53081550425397,0,0.897401199107369,0,0,0,1.11645381230496,2.15090332733127,2.79709764057128,2.47727817412133,1.74689798439781,0,0,0,0
"metabat1.7.faa_contig436pilon_pilon_1810",0.785936028605364,1.18389527239187,1.14765426080542,0,0,0,0,0,0,0,0,0,1.09903579045027,0,0,0,0,0
"metabat1.7.faa_contig436pilon_pilon_1811",1.29185180527056,1.18389527239187,1.77865745269737,0,1.16619325035431,0,0,0,0,1.73823503865256,1.65565457285634,1.75709288071739,0,0,0,0,0,0
"metabat1.7.faa_contig436pilon_pilon_1812",2.20822168944952,2.60586750229792,2.01393892571283,2.80193012411026,1.80255518101465,2.40967275086044,2.07197274134539,0,0,2.50399368872529,0.89550771308478,3.22196537340036,2.14611569478379,1.74689798439781,1.7610687491275,0,0,0
"metabat1.7.faa_contig436pilon_pilon_1813",1.66568014541256,0,0.685058202165542,0,0,1.44647599839007,0,0,0,0,0,0,1.09903579045027,1.74689798439781,1.1340537405337,0,0,0
"metabat1.7.faa_contig436pilon_pilon_1814",4.14215564005616,3.36838000600178,4.39618043997923,0,2.24262160634391,4.43995429665992,0,0,0,4.01665140429835,3.12802607292714,3.39515229077606,3.34154722355649,3.01240483997652,2.19668159538169,1.9614664838957,0,0
"metabat1.7.faa_contig436pilon_pilon_1815",1.96230563626242,0,2.01393892571283,0,0,1.44647599839007,0,0,0,0,1.44388713727703,1.75709288071739,0,1.12312357938219,0,0,0,0
"metabat1.7.faa_contig436pilon_pilon_1816",1.29185180527056,1.64146402980544,2.47463106669557,1.7610687491275,0,0.897401199107369,0,0,0,2.17133542639018,1.840279242946,2.79709764057128,1.09903579045027,0,1.1340537405337,0,0,0
"metabat1.7.faa_contig436pilon_pilon_1817",0,0.88590938112637,2.01393892571283,1.1340537405337,0,0,0,0,0,1.11645381230496,1.44388713727703,1.4777407110858,0,0,0,0,0,0
"metabat1.7.faa_contig436pilon_pilon_1818",0,0.509913214608311,0,0,0,0,0,0,0,1.73823503865256,0.89550771308478,0,0,0,0,0,0,0
"metabat1.7.faa_contig436pilon_pilon_182",0,0.88590938112637,0,0,1.16619325035431,1.44647599839007,0,0,0,0,0.516148531667395,0,0,1.12312357938219,0,0,0,0
"metabat1.7.faa_contig436pilon_pilon_1820",1.29185180527056,0.509913214608311,1.64486408351293,0,0,0,0,0,0,1.11645381230496,0.89550771308478,1.13098460611101,0,0,0,0,0,0
"metabat1.7.faa_contig436pilon_pilon_1822",1.29185180527056,0.509913214608311,1.14765426080542,0,0,0,0,0,0,1.11645381230496,0.89550771308478,0,0,1.12312357938219,0,0,0,0
"metabat1.7.faa_contig436pilon_pilon_1823",0.785936028605364,0,1.14765426080542,0,0,0,0,0,0,1.11645381230496,0,1.4777407110858,0,0,0,0,0,0
"metabat1.7.faa_contig436pilon_pilon_1825",0,0.509913214608311,1.14765426080542,0,0,0,0,0,0,0,1.65565457285634,1.13098460611101,0,0,0,0,0,0
"metabat1.7.faa_contig436pilon_pilon_1826",1.29185180527056,1.64146402980544,1.64486408351293,0,0,0,0,0,0,0,1.65565457285634,1.13098460611101,0,0,0,0,0,0
"metabat1.7.faa_contig436pilon_pilon_1827",2.91032890151629,3.68605302198994,3.75052292647941,4.3302665366833,3.08153142491784,3.61060538920406,1.37979066905676,2.0382190429837,0,2.50399368872529,2.40635221835154,4.14250672960073,4.64295627544795,2.1809567813732,2.53081550425397,0,0,0
"metabat1.7.faa_contig436pilon_pilon_1828",2.91032890151629,2.79400061842543,2.99807247709387,1.1340537405337,0,2.40967275086044,1.37979066905676,0,0,2.50399368872529,2.28427424259072,3.22196537340036,1.09903579045027,1.12312357938219,1.1340537405337,0,0,0
"metabat1.7.faa_contig436pilon_pilon_1829",0,1.18389527239187,0.685058202165542,0,0,0,0,0,0,0,0.89550771308478,0,0,0,0,0,0,0
"metabat1.7.faa_contig436pilon_pilon_1830",0.785936028605364,0.509913214608311,0.685058202165542,0,0,0,0,0,0,0,0,0.67359331525981,0,0,0,0,0,0
"metabat1.7.faa_contig436pilon_pilon_1831",0,1.18389527239187,1.14765426080542,0,0,0,0,0,0,0,1.44388713727703,0,0,1.74689798439781,0,0,0,0
"metabat1.7.faa_contig436pilon_pilon_1832",0,0.509913214608311,0.934818605712233,0,1.16619325035431,0,0,0,0,0,1.19559746605447,0,0,0,0,0,0,0
"metabat1.7.faa_contig436pilon_pilon_1833",0,0.88590938112637,0.685058202165542,0,0,0,1.37979066905676,0,0,0,0,0,0,1.12312357938219,0,0,0,0
"metabat1.7.faa_contig436pilon_pilon_1834",0.785936028605364,1.43074458043053,1.33308998856978,0,0,0,1.37979066905676,0,0,0,0.516148531667395,0.67359331525981,0,0,0,0,0,0
"metabat1.7.faa_contig436pilon_pilon_1835",3.88362101644719,3.48222213947366,3.46311926836477,1.1340537405337,1.16619325035431,2.15407448615294,2.88932252575784,3.13232256184094,1.52740029239538,2.77413745748303,2.8976244326255,3.54975961724173,1.71555497817818,1.74689798439781,1.1340537405337,2.41734347868894,3.042884725337,1.46983126765765
"metabat1.7.faa_contig436pilon_pilon_1836",1.66568014541256,1.98832176012744,1.64486408351293,0,0,0.897401199107369,1.37979066905676,0,0,0,0.89550771308478,1.13098460611101,0,1.12312357938219,0,0,0,0
"metabat1.7.faa_contig436pilon_pilon_1837",0.785936028605364,1.43074458043053,1.14765426080542,0,0,0.897401199107369,0,0,0,1.11645381230496,0.516148531667395,0.67359331525981,0,0,1.1340537405337,1.29118405857877,0,0
"metabat1.7.faa_contig436pilon_pilon_1838",0,1.64146402980544,0.934818605712233,0,0,0,0,0,0,1.11645381230496,1.840279242946,1.13098460611101,0,0,0,0,0,0
"metabat1.7.faa_contig436pilon_pilon_1839",0.785936028605364,0,0,0,1.80255518101465,0,0,0,0,0,0,0,1.71555497817818,0,1.1340537405337,0,0,0
"metabat1.7.faa_contig436pilon_pilon_1841",0.785936028605364,0.509913214608311,2.47463106669557,2.53081550425397,1.80255518101465,2.62673007810211,0,0,0,1.73823503865256,0.89550771308478,1.13098460611101,3.16909176668987,2.1809567813732,1.7610687491275,0,0,0
"metabat1.7.faa_contig436pilon_pilon_1842",0,1.82529197697292,0.38281488519608,0,0,0,0,0,0,1.73823503865256,1.44388713727703,0,0,1.12312357938219,0,0,0,0
"metabat1.7.faa_contig436pilon_pilon_1843",0.785936028605364,0.88590938112637,0.685058202165542,0,0,0,0,0,0,0,0,0,0,0,0,0,0,0
"metabat1.7.faa_contig436pilon_pilon_1845",0.785936028605364,0.88590938112637,1.14765426080542,0,0,0.897401199107369,0,0,0,0,0,0,0,1.12312357938219,0,0,0,0
"metabat1.7.faa_contig436pilon_pilon_1846",1.29185180527056,2.38946916323308,2.30756971923906,0,0,0.897401199107369,0,0,0,0,2.51890127711715,2.52615053480768,1.09903579045027,0,0,0,0,0
"metabat1.7.faa_contig436pilon_pilon_1848",0,0.88590938112637,0,0,0,0,1.37979066905676,0,0,0,0.516148531667395,0,0,1.12312357938219,0,0,0,0
"metabat1.7.faa_contig436pilon_pilon_1849",0,0,0.38281488519608,0,0,0,0,0,0,0,1.65565457285634,0,0,0,0,0,0,0
"metabat1.7.faa_contig436pilon_pilon_185",0.785936028605364,1.43074458043053,0.685058202165542,0,0,0,0,0,0,2.77413745748303,1.44388713727703,0.67359331525981,0,0,0,0,0,0
"metabat1.7.faa_contig436pilon_pilon_1850",0,0.509913214608311,0.934818605712233,0,0,0,0,0,0,0,0.516148531667395,0,0,0,0,0,0,0
"metabat1.7.faa_contig436pilon_pilon_1851",0,1.18389527239187,0.38281488519608,0,0,0,0,0,0,0,0,0.67359331525981,0,0,0,0,0,0
"metabat1.7.faa_contig436pilon_pilon_1852",0,0,0.38281488519608,0,0,0,0,0,0,0,0.516148531667395,2.36884809447434,0,1.12312357938219,0,0,0,0
"metabat1.7.faa_contig436pilon_pilon_1853",0.785936028605364,0.88590938112637,0.685058202165542,0,0,0,0,0,0,0,0.89550771308478,0,0,0,0,0,0,0
"metabat1.7.faa_contig436pilon_pilon_1854",3.27657521655722,2.13478485261146,2.69374376525252,1.1340537405337,1.16619325035431,0.897401199107369,0,0,0,0,2.15090332733127,2.91560668555758,1.71555497817818,0,2.19668159538169,0,1.96219704722974,0
"metabat1.7.faa_contig436pilon_pilon_1855",3.38055467503265,2.79400061842543,3.87526440793723,1.7610687491275,2.24262160634391,0,0,0,0,3.00158663115357,3.26343174462668,3.93366505780459,1.09903579045027,0,0,0,0,0
"metabat1.7.faa_contig436pilon_pilon_1857",0,1.18389527239187,0.934818605712233,0,0,0,0,0,0,1.11645381230496,0.516148531667395,0,0,0,0,0,0,0
"metabat1.7.faa_contig436pilon_pilon_1858",1.29185180527056,1.43074458043053,2.47463106669557,0,0,0,0,0,0,0,1.19559746605447,2.66797545578142,0,0,0,0,0,0
"metabat1.7.faa_contig436pilon_pilon_1859",1.29185180527056,1.98832176012744,1.33308998856978,0,1.16619325035431,0.897401199107369,0,0,0,0,2.15090332733127,0.67359331525981,0,0,0,0,0,0
"metabat1.7.faa_contig436pilon_pilon_186",0.785936028605364,0.509913214608311,1.33308998856978,0,0,0,0,0,0,2.17133542639018,0.89550771308478,0.67359331525981,0,0,0,0,0,0
"metabat1.7.faa_contig436pilon_pilon_1860",1.66568014541256,0,0.685058202165542,0,0,0.897401199107369,0,0,0,0,0.516148531667395,0,0,0,0,0,0,0
"metabat1.7.faa_contig436pilon_pilon_1861",0.785936028605364,1.43074458043053,1.4973827041834,0,0,0,0,0,0,0,0,1.4777407110858,0,1.12312357938219,0,0,0,0
"metabat1.7.faa_contig436pilon_pilon_1862",1.66568014541256,1.18389527239187,2.01393892571283,0,0,0,1.37979066905676,0,0,1.11645381230496,1.65565457285634,2.19227141791183,1.09903579045027,0,0,0,0,0
"metabat1.7.faa_contig436pilon_pilon_1863",0,0.88590938112637,1.4973827041834,2.19668159538169,1.16619325035431,1.44647599839007,0,0,0,0,1.65565457285634,2.36884809447434,1.09903579045027,0,0,1.29118405857877,0,0
"metabat1.7.faa_contig436pilon_pilon_1864",1.29185180527056,1.64146402980544,0.38281488519608,0,1.16619325035431,0,0,0,0,1.11645381230496,0.89550771308478,1.4777407110858,1.09903579045027,1.12312357938219,0,0,0,0
"metabat1.7.faa_contig436pilon_pilon_1865",0,1.82529197697292,2.21617578280615,2.19668159538169,1.16619325035431,3.39091296255041,0,0,0,1.11645381230496,2.00393517636671,2.91560668555758,3.63472659822075,3.8032256547964,3.03006654447673,1.29118405857877,0,0
"metabat1.7.faa_contig436pilon_pilon_1866",2.41826115096941,3.17876660480948,4.07055573370681,1.1340537405337,1.80255518101465,2.62673007810211,0,0,0,1.73823503865256,3.05523864457788,4.09306160581292,1.09903579045027,0,2.80193012411026,0,1.29176539221842,0
"metabat1.7.faa_contig436pilon_pilon_1867",0,0.509913214608311,1.33308998856978,0,0,0.897401199107369,0,0,0,0,0,0.67359331525981,0,0,0,0,0,0
"metabat1.7.faa_contig436pilon_pilon_1868",0.785936028605364,0.509913214608311,2.11859814958117,1.1340537405337,0,3.96956759739566,1.37979066905676,3.36767093414653,0,0,0.516148531667395,1.75709288071739,3.49557149056926,1.12312357938219,3.55492163421865,0,0,0
"metabat1.7.faa_contig436pilon_pilon_1869",3.38055467503265,2.38946916323308,3.99007333344463,3.55492163421865,2.24262160634391,1.84322922738708,1.37979066905676,0,0,3.00158663115357,3.44533485995722,4.44800410906787,2.14611569478379,1.74689798439781,1.7610687491275,0,1.29176539221842,0
"metabat1.7.faa_contig436pilon_pilon_1870",0,1.64146402980544,2.75996219574681,0,0,1.44647599839007,0,0,0,0,1.65565457285634,3.12689527349591,0,0,0,0,0,0
"metabat1.7.faa_contig436pilon_pilon_1871",0,1.18389527239187,0.934818605712233,0,0,0,0,0,0,1.73823503865256,0.89550771308478,0.67359331525981,0,0,0,0,0,0
"metabat1.7.faa_contig436pilon_pilon_1872",1.96230563626242,1.18389527239187,1.33308998856978,0,0,1.44647599839007,1.37979066905676,0,0,0,2.40635221835154,1.13098460611101,1.71555497817818,0,1.1340537405337,0,0,0
"metabat1.7.faa_contig436pilon_pilon_1873",0,1.82529197697292,0.934818605712233,0,0,0.897401199107369,0,0,0,1.11645381230496,1.44388713727703,1.4777407110858,0,0,0,0,0,0
"metabat1.7.faa_contig436pilon_pilon_1874",0.785936028605364,1.18389527239187,1.33308998856978,0,0,0,0,0,0,0,0.516148531667395,0,0,0,0,0,0,1.46983126765765
"metabat1.7.faa_contig436pilon_pilon_1875",0.785936028605364,2.26773977122091,2.82327417442235,0,0,1.44647599839007,1.37979066905676,0,0,1.73823503865256,1.840279242946,2.79709764057128,1.71555497817818,1.12312357938219,1.1340537405337,0,0,0
"metabat1.7.faa_contig436pilon_pilon_1876",1.96230563626242,0,1.14765426080542,0,0,0,1.37979066905676,0,0,0,0.89550771308478,0,1.09903579045027,0,0,0,0,0
"metabat1.7.faa_contig436pilon_pilon_1877",1.29185180527056,1.64146402980544,2.5514261270497,1.1340537405337,1.80255518101465,2.15407448615294,0,1.35258389846972,0,1.11645381230496,0.89550771308478,2.79709764057128,2.7464361614707,1.12312357938219,0,0,0,0
"metabat1.7.faa_contig436pilon_pilon_1879",0,1.98832176012744,0.934818605712233,0,0,0,0,0,0,0,0.516148531667395,0,0,0,0,0,0,0
"metabat1.7.faa_contig436pilon_pilon_188",0,0,1.14765426080542,0,1.16619325035431,0,0,0,0,0,0.89550771308478,0.67359331525981,0,0,0,0,0,0
"metabat1.7.faa_contig436pilon_pilon_1880",0,0,1.64486408351293,0,0,0,0,0,0,1.11645381230496,0.516148531667395,0.67359331525981,0,0,0,0,0,0
"metabat1.7.faa_contig436pilon_pilon_1883",0,0,0,0,0,2.40967275086044,0,0,0,0,0,0,1.09903579045027,0,0,0,0,0
"metabat1.7.faa_contig436pilon_pilon_1885",0.785936028605364,0.88590938112637,0.38281488519608,0,0,0,0,0,0,0,0.516148531667395,0.67359331525981,0,0,0,0,0,0
"metabat1.7.faa_contig436pilon_pilon_1886",0,0.88590938112637,0.38281488519608,0,0,0,0,0,0,1.11645381230496,0.89550771308478,0.67359331525981,0,0,0,0,0,0
"metabat1.7.faa_contig436pilon_pilon_1888",0,0.509913214608311,0.685058202165542,1.1340537405337,1.80255518101465,0.897401199107369,0,0,0,0,0,0,1.71555497817818,0,0,0,0,0
"metabat1.7.faa_contig436pilon_pilon_1889",2.20822168944952,0.88590938112637,2.94212696831667,1.7610687491275,1.16619325035431,2.62673007810211,0,0,0,1.11645381230496,2.00393517636671,3.39515229077606,2.7464361614707,2.1809567813732,1.1340537405337,0,1.29176539221842,0
"metabat1.7.faa_contig436pilon_pilon_189",0,0,0,0,0,0,0,0,0,0,0.516148531667395,1.13098460611101,1.09903579045027,0,0,1.29118405857877,0,0
"metabat1.7.faa_contig436pilon_pilon_1890",2.20822168944952,1.64146402980544,2.62433913730106,2.19668159538169,0,2.62673007810211,2.07197274134539,0,0,0,1.65565457285634,2.36884809447434,1.71555497817818,2.1809567813732,1.7610687491275,0,0,0
"metabat1.7.faa_contig436pilon_pilon_1891",1.96230563626242,1.64146402980544,2.99807247709387,3.9389394714275,4.38591421295342,3.88784897214272,0,0,0,1.11645381230496,0.516148531667395,1.99102887400464,2.47727817412133,3.8032256547964,3.9389394714275,0,0,0
"metabat1.7.faa_contig436pilon_pilon_1892",1.96230563626242,1.82529197697292,3.15396239376198,0,0,0,0,0,0,0,1.840279242946,1.75709288071739,0,0,0,0,0,0
"metabat1.7.faa_contig436pilon_pilon_1893",0,2.13478485261146,1.33308998856978,0,0,0,0,0,0,0,1.840279242946,1.13098460611101,0,0,0,0,0,0
"metabat1.7.faa_contig436pilon_pilon_1894",0.785936028605364,0.509913214608311,0,0,0,0,0,0,0,0,0.89550771308478,1.13098460611101,0,1.74689798439781,0,0,0,0
"metabat1.7.faa_contig436pilon_pilon_1895",2.20822168944952,3.2447791097307,4.1713246637757,0,1.16619325035431,0.897401199107369,0,0,0,3.19801267565096,2.51890127711715,4.32490456016521,1.09903579045027,0,2.19668159538169,0,0,0
"metabat1.7.faa_contig436pilon_pilon_1897",0.785936028605364,0.509913214608311,1.90108923408269,0,0,1.44647599839007,0,0,0,0,0,1.75709288071739,0,0,0,0,0,0
"metabat1.7.faa_contig436pilon_pilon_19",0,0.509913214608311,0.685058202165542,0,0,0.897401199107369,0,0,0,0,0.516148531667395,0.67359331525981,0,0,0,0,0,0
"metabat1.7.faa_contig436pilon_pilon_190",3.27657521655722,3.2447791097307,2.82327417442235,0,1.16619325035431,2.40967275086044,2.88932252575784,2.0382190429837,2.25257262097379,2.50399368872529,2.62330189181478,3.0251155373296,2.97318671073354,1.12312357938219,1.1340537405337,2.76323162931689,2.41814240401883,3.01428027122686
"metabat1.7.faa_contig436pilon_pilon_1901",0.785936028605364,2.87960148378125,1.64486408351293,0,1.80255518101465,0.897401199107369,0,0,0,0,1.840279242946,2.52615053480768,0,0,0,0,0,0
"metabat1.7.faa_contig436pilon_pilon_1902",0.785936028605364,1.18389527239187,2.47463106669557,0,0,0.897401199107369,0,0,0,0,1.65565457285634,2.52615053480768,0,0,0,0,0,0
"metabat1.7.faa_contig436pilon_pilon_1903",2.20822168944952,0,1.4973827041834,0,0,0.897401199107369,0,0,0,2.50399368872529,0.516148531667395,1.13098460611101,0,0,0,0,0,0
"metabat1.7.faa_contig436pilon_pilon_1904",2.41826115096941,2.38946916323308,2.62433913730106,0,1.16619325035431,0.897401199107369,0,0,0,0,0.89550771308478,2.79709764057128,0,0,1.1340537405337,0,0,0
"metabat1.7.faa_contig436pilon_pilon_1905",1.66568014541256,1.82529197697292,0.38281488519608,0,0,0,0,0,0,0,2.40635221835154,1.4777407110858,0,0,0,0,0,0
"metabat1.7.faa_contig436pilon_pilon_1906",1.96230563626242,1.43074458043053,1.14765426080542,0,0,0,0,0,0,1.11645381230496,2.40635221835154,0,0,0,0,0,0,0
"metabat1.7.faa_contig436pilon_pilon_1908",0,1.98832176012744,1.33308998856978,1.7610687491275,0,1.44647599839007,0,0,0,0,1.19559746605447,1.75709288071739,0,0,0,0,0,0
"metabat1.7.faa_contig436pilon_pilon_191",2.76419434237269,2.70299855236506,2.30756971923906,1.1340537405337,0,1.84322922738708,2.88932252575784,3.56995718793162,2.25257262097379,2.77413745748303,1.65565457285634,2.19227141791183,2.47727817412133,1.74689798439781,1.1340537405337,1.9614664838957,3.042884725337,3.53845991366166
"metabat1.7.faa_contig436pilon_pilon_1910",0,0.509913214608311,0.38281488519608,0,0,1.44647599839007,0,0,0,0,0,0.67359331525981,1.71555497817818,0,1.1340537405337,0,0,0
"metabat1.7.faa_contig436pilon_pilon_1911",3.16451550209409,3.98538736947158,4.21918698774103,3.03006654447673,3.08153142491784,3.70905964844488,0,0,0,2.17133542639018,3.12802607292714,4.40812669947005,3.16909176668987,2.78469305237248,3.03006654447673,0,1.29176539221842,0
"metabat1.7.faa_contig436pilon_pilon_1912",1.96230563626242,1.98832176012744,2.01393892571283,0,0,2.62673007810211,0,0,0,2.17133542639018,2.00393517636671,2.66797545578142,1.09903579045027,2.1809567813732,0,0,0,0
"metabat1.7.faa_contig436pilon_pilon_1913",1.96230563626242,1.43074458043053,1.4973827041834,1.1340537405337,1.16619325035431,1.84322922738708,1.37979066905676,0,0,1.73823503865256,1.65565457285634,2.79709764057128,0,1.12312357938219,1.1340537405337,0,0,0
"metabat1.7.faa_contig436pilon_pilon_1915",0,0.509913214608311,1.33308998856978,0,1.16619325035431,0,0,0,0,1.11645381230496,1.44388713727703,0.67359331525981,0,1.12312357938219,0,0,0,0
"metabat1.7.faa_contig436pilon_pilon_1916",0,0.509913214608311,0.934818605712233,0,1.16619325035431,0.897401199107369,0,0,0,0,1.19559746605447,0,1.09903579045027,0,1.7610687491275,0,0,0
"metabat1.7.faa_contig436pilon_pilon_1917",0,1.64146402980544,2.5514261270497,1.1340537405337,2.24262160634391,0,0,0,0,0,1.44388713727703,2.19227141791183,0,0,2.19668159538169,0,0,0
"metabat1.7.faa_contig436pilon_pilon_1918",2.20822168944952,1.64146402980544,2.21617578280615,0,0,1.44647599839007,1.37979066905676,0,0,1.73823503865256,5.09255338261007,2.79709764057128,0,0,0,0,0,0
"metabat1.7.faa_contig436pilon_pilon_1919",1.66568014541256,1.43074458043053,2.21617578280615,0,0,0,0,0,0,1.11645381230496,4.25289648099826,1.99102887400464,0,0,0,0,0,0
"metabat1.7.faa_contig436pilon_pilon_192",2.76419434237269,1.98832176012744,3.50233522442631,1.7610687491275,1.80255518101465,1.84322922738708,1.37979066905676,0,0,2.50399368872529,2.15090332733127,3.98877734887892,0,0,1.7610687491275,0,1.29176539221842,0
"metabat1.7.faa_contig436pilon_pilon_1920",0.785936028605364,0,0.685058202165542,0,0,0,0,0,0,0,0.89550771308478,0.67359331525981,0,0,0,0,0,0
"metabat1.7.faa_contig436pilon_pilon_1921",2.91032890151629,3.30790282016009,3.50233522442631,3.69459678192323,3.27936919850574,4.8811433219834,2.53777273352371,2.85095210606296,0,2.77413745748303,1.65565457285634,3.93366505780459,4.57545125288507,3.38203703533331,3.40025988685526,1.29118405857877,1.96219704722974,0
"metabat1.7.faa_contig436pilon_pilon_1922",0.785936028605364,1.18389527239187,2.5514261270497,2.53081550425397,0,1.84322922738708,0,0,0,0,0.89550771308478,1.13098460611101,1.71555497817818,2.1809567813732,1.1340537405337,0,0,0
"metabat1.7.faa_contig436pilon_pilon_1924",0,1.18389527239187,1.14765426080542,0,1.80255518101465,0,0,0,0,0,1.19559746605447,0,0,1.12312357938219,0,0,0,0
"metabat1.7.faa_contig436pilon_pilon_1925",1.66568014541256,1.18389527239187,2.30756971923906,0,0,1.44647599839007,1.37979066905676,0,0,1.73823503865256,1.44388713727703,2.91560668555758,0,0,0,1.9614664838957,0,0
"metabat1.7.faa_contig436pilon_pilon_1926",1.29185180527056,0.88590938112637,2.11859814958117,0,0,0.897401199107369,0,0,2.25257262097379,1.11645381230496,0.89550771308478,2.19227141791183,0,0,1.1340537405337,0,0,0
"metabat1.7.faa_contig436pilon_pilon_1927",1.96230563626242,1.18389527239187,1.33308998856978,0,0,0,0,0,0,0,0,0.67359331525981,0,0,0,0,0,0
"metabat1.7.faa_contig436pilon_pilon_1928",0.785936028605364,1.64146402980544,2.01393892571283,1.7610687491275,1.16619325035431,1.44647599839007,1.37979066905676,1.35258389846972,0,2.17133542639018,2.00393517636671,1.75709288071739,0,0,0,0,0,0
"metabat1.7.faa_contig436pilon_pilon_1929",2.76419434237269,1.98832176012744,2.47463106669557,1.7610687491275,2.24262160634391,2.81536084815067,0,0,0,0,1.65565457285634,3.39515229077606,2.7464361614707,3.01240483997652,2.80193012411026,0,2.76406976883088,1.46983126765765
"metabat1.7.faa_contig436pilon_pilon_193",0,0.509913214608311,0.934818605712233,0,0,0,0,0,0,0,0.89550771308478,0,0,1.12312357938219,0,0,0,0
"metabat1.7.faa_contig436pilon_pilon_1930",1.29185180527056,1.43074458043053,2.75996219574681,1.1340537405337,1.16619325035431,0,2.07197274134539,0,0,0,1.65565457285634,1.75709288071739,1.09903579045027,1.74689798439781,1.1340537405337,0,0,0
"metabat1.7.faa_contig436pilon_pilon_1931",1.96230563626242,2.26773977122091,2.75996219574681,0,0,0.897401199107369,0,0,0,1.73823503865256,1.65565457285634,2.19227141791183,1.71555497817818,3.20902661097063,1.1340537405337,0,0,0
"metabat1.7.faa_contig436pilon_pilon_1933",1.29185180527056,0.509913214608311,0.38281488519608,0,0,0,0,0,0,0,0.89550771308478,0,0,0,0,0,0,0
"metabat1.7.faa_contig436pilon_pilon_1934",1.29185180527056,1.43074458043053,1.90108923408269,0,0,0,0,0,0,1.73823503865256,2.00393517636671,1.75709288071739,0,0,0,0,0,0
"metabat1.7.faa_contig436pilon_pilon_1935",0.785936028605364,0,0.38281488519608,0,1.16619325035431,0,0,0,2.73291553002157,0,0,1.75709288071739,0,0,0,0,0,0
"metabat1.7.faa_contig436pilon_pilon_1936",0.785936028605364,0.88590938112637,1.64486408351293,1.1340537405337,0,0,0,0,0,0,0.89550771308478,0,0,0,0,0,0,0
"metabat1.7.faa_contig436pilon_pilon_1937",0,1.43074458043053,1.14765426080542,1.1340537405337,0,0,0,0,0,1.73823503865256,0.89550771308478,1.75709288071739,0,0,0,0,0,0
"metabat1.7.faa_contig436pilon_pilon_1938",2.76419434237269,2.13478485261146,2.30756971923906,1.1340537405337,0,2.40967275086044,0,0,0,0,2.00393517636671,1.75709288071739,1.71555497817818,0,0,0,0,0
"metabat1.7.faa_contig436pilon_pilon_194",0,0.88590938112637,0.685058202165542,0,0,0,0,1.35258389846972,0,0,1.44388713727703,0.67359331525981,0,0,0,0,0,0
"metabat1.7.faa_contig436pilon_pilon_1940",0,1.64146402980544,0.685058202165542,0,0,0,0,0,0,0,1.65565457285634,0.67359331525981,0,0,0,0,0,0
"metabat1.7.faa_contig436pilon_pilon_1941",0.785936028605364,1.43074458043053,0.38281488519608,0,0,0,0,0,0,0,0,0.67359331525981,0,0,0,0,0,0
"metabat1.7.faa_contig436pilon_pilon_1942",0,2.50172189281124,1.77865745269737,0,0,0,0,0,1.52740029239538,0,1.65565457285634,0,0,0,0,0,0,0
"metabat1.7.faa_contig436pilon_pilon_1943",0,2.87960148378125,2.21617578280615,1.1340537405337,0,1.44647599839007,0,0,0,2.17133542639018,1.19559746605447,1.4777407110858,0,0,0,0,0,0
"metabat1.7.faa_contig436pilon_pilon_1945",0,1.82529197697292,1.90108923408269,0,0,0,0,0,0,1.11645381230496,1.19559746605447,0,2.14611569478379,0,0,0,0,0
"metabat1.7.faa_contig436pilon_pilon_1946",1.66568014541256,1.82529197697292,1.90108923408269,0,0,0,0,0,0,1.11645381230496,1.65565457285634,1.99102887400464,0,0,1.1340537405337,0,1.29176539221842,0
"metabat1.7.faa_contig436pilon_pilon_1947",3.47754119462173,3.36838000600178,4.21918698774103,1.1340537405337,0,0.897401199107369,0,0,0,3.37087159342887,3.05523864457788,4.09306160581292,0,1.74689798439781,0,0,0,0
"metabat1.7.faa_contig436pilon_pilon_1948",3.16451550209409,3.36838000600178,4.01740271550024,0,0,0.897401199107369,0,0,0,2.17133542639018,3.44533485995722,3.87636351787433,0,2.78469305237248,0,0,0,0
"metabat1.7.faa_contig436pilon_pilon_1949",0,0.509913214608311,0.685058202165542,2.53081550425397,2.24262160634391,1.84322922738708,0,0,0,1.11645381230496,0,1.4777407110858,1.71555497817818,1.74689798439781,0,0,0,0
"metabat1.7.faa_contig436pilon_pilon_195",0.785936028605364,0.509913214608311,0.38281488519608,0,0,0,0,0,0,0,1.19559746605447,0,0,0,0,0,0,0
"metabat1.7.faa_contig436pilon_pilon_1950",1.96230563626242,2.38946916323308,1.77865745269737,0,0,1.44647599839007,0,1.35258389846972,0,2.17133542639018,1.840279242946,2.19227141791183,1.09903579045027,1.74689798439781,1.1340537405337,1.9614664838957,0,0
"metabat1.7.faa_contig436pilon_pilon_1952",2.20822168944952,1.64146402980544,2.62433913730106,0,0,2.15407448615294,1.37979066905676,0,0,0,0.89550771308478,2.66797545578142,0,0,1.1340537405337,1.9614664838957,0,0
"metabat1.7.faa_contig436pilon_pilon_1953",3.7346099995344,2.79400061842543,3.81424145659342,1.7610687491275,1.80255518101465,3.61060538920406,0,0,0,3.90858294015622,3.26343174462668,3.87636351787433,0,1.74689798439781,3.22700466328771,1.29118405857877,1.29176539221842,0
"metabat1.7.faa_contig436pilon_pilon_1954",3.38055467503265,2.60586750229792,3.46311926836477,1.1340537405337,1.16619325035431,1.44647599839007,0,0,0,2.77413745748303,2.81185139127062,4.09306160581292,1.71555497817818,1.12312357938219,1.1340537405337,0,1.96219704722974,0
"metabat1.7.faa_contig436pilon_pilon_1955",2.41826115096941,1.98832176012744,3.29463827516837,0,1.80255518101465,2.62673007810211,2.07197274134539,0,0,2.17133542639018,1.840279242946,3.22196537340036,2.14611569478379,2.1809567813732,0,0,0,0
"metabat1.7.faa_contig436pilon_pilon_1956",1.66568014541256,0.88590938112637,0.38281488519608,0,0,0,0,0,0,0,0,0,0,0,0,0,0,0
"metabat1.7.faa_contig436pilon_pilon_1957",0,0,0.934818605712233,0,0,1.44647599839007,0,0,0,1.11645381230496,0.516148531667395,0,1.09903579045027,0,0,0,0,0
"metabat1.7.faa_contig436pilon_pilon_1958",0.785936028605364,1.43074458043053,1.90108923408269,0,0,0,0,0,0,0,1.840279242946,0,0,0,0,1.29118405857877,0,0
"metabat1.7.faa_contig436pilon_pilon_196",0,0,0.934818605712233,0,0,0.897401199107369,0,0,0,0,0.516148531667395,0,0,0,0,0,0,0
"metabat1.7.faa_contig436pilon_pilon_1961",1.29185180527056,0.88590938112637,0.934818605712233,0,0,0,0,0,0,0,0.89550771308478,2.19227141791183,0,0,0,0,0,0
"metabat1.7.faa_contig436pilon_pilon_1962",2.91032890151629,1.43074458043053,2.21617578280615,0,0,0.897401199107369,0,0,0,0,4.51958864357476,2.52615053480768,1.09903579045027,0,0,0,0,0
"metabat1.7.faa_contig436pilon_pilon_1963",0.785936028605364,1.64146402980544,1.14765426080542,0,0,0,0,0,0,0,0.89550771308478,1.4777407110858,0,0,0,0,0,0
"metabat1.7.faa_contig436pilon_pilon_1964",1.96230563626242,1.82529197697292,2.01393892571283,3.03006654447673,1.80255518101465,3.39091296255041,2.53777273352371,2.0382190429837,0,0,1.65565457285634,1.99102887400464,1.09903579045027,1.12312357938219,2.19668159538169,0,0,0
"metabat1.7.faa_contig436pilon_pilon_1965",1.29185180527056,0,0.685058202165542,1.1340537405337,1.80255518101465,2.15407448615294,0,0,0,0,0,0.67359331525981,0,0,1.7610687491275,0,0,0
"metabat1.7.faa_contig436pilon_pilon_1966",2.91032890151629,2.26773977122091,2.88392414889163,0,1.16619325035431,2.40967275086044,0,0,0,2.17133542639018,2.40635221835154,3.39515229077606,2.14611569478379,1.12312357938219,1.7610687491275,1.29118405857877,0,1.46983126765765
"metabat1.7.faa_contig436pilon_pilon_1967",1.29185180527056,1.82529197697292,2.39351721646857,1.7610687491275,2.24262160634391,2.81536084815067,0,0,0,2.17133542639018,1.44388713727703,2.66797545578142,1.09903579045027,0,1.7610687491275,0,0,0
"metabat1.7.faa_contig436pilon_pilon_1968",2.41826115096941,1.82529197697292,2.30756971923906,1.7610687491275,1.16619325035431,2.81536084815067,0,1.35258389846972,0,1.11645381230496,1.840279242946,2.19227141791183,1.09903579045027,1.12312357938219,0,0,0,0
"metabat1.7.faa_contig436pilon_pilon_1969",0,1.82529197697292,2.75996219574681,1.1340537405337,2.24262160634391,2.15407448615294,2.53777273352371,0,0,3.00158663115357,1.19559746605447,2.66797545578142,1.09903579045027,0,2.53081550425397,0,0,0
"metabat1.7.faa_contig436pilon_pilon_197",1.96230563626242,1.82529197697292,2.99807247709387,1.1340537405337,1.80255518101465,2.40967275086044,0,0,0,1.73823503865256,2.40635221835154,3.87636351787433,1.71555497817818,1.12312357938219,0,0,0,0
"metabat1.7.faa_contig436pilon_pilon_1970",0.785936028605364,1.18389527239187,1.64486408351293,0,0,0,0,0,0,0,0.516148531667395,0,0,0,1.1340537405337,0,0,0
"metabat1.7.faa_contig436pilon_pilon_1973",0.785936028605364,0.509913214608311,0,0,0,0,0,0,0,0,1.19559746605447,1.13098460611101,0,0,0,0,0,0
"metabat1.7.faa_contig436pilon_pilon_1974",2.41826115096941,2.50172189281124,3.24925354318237,0,0,2.15407448615294,1.37979066905676,0,0,1.73823503865256,2.15090332733127,2.19227141791183,1.71555497817818,2.51417842914998,2.53081550425397,1.29118405857877,0,0
"metabat1.7.faa_contig436pilon_pilon_1975",1.66568014541256,2.96040653444993,2.11859814958117,1.1340537405337,0,0.897401199107369,1.37979066905676,0,0,0,2.15090332733127,3.0251155373296,2.47727817412133,1.12312357938219,0,0,1.29176539221842,0
"metabat1.7.faa_contig436pilon_pilon_1976",0.785936028605364,1.82529197697292,1.33308998856978,0,0,0.897401199107369,0,0,0,0,1.840279242946,0,0,1.12312357938219,0,0,0,0
"metabat1.7.faa_contig436pilon_pilon_1977",1.96230563626242,1.43074458043053,1.90108923408269,0,0,0.897401199107369,0,0,0,0,1.65565457285634,1.75709288071739,0,1.12312357938219,0,0,0,0
"metabat1.7.faa_contig436pilon_pilon_1978",0,1.82529197697292,1.33308998856978,0,0,0,0,0,0,1.73823503865256,0.516148531667395,1.99102887400464,1.09903579045027,1.74689798439781,0,0,0,0
"metabat1.7.faa_contig436pilon_pilon_1979",0.785936028605364,0.509913214608311,0.685058202165542,0,0,0,0,0,0,1.73823503865256,0.516148531667395,0,0,0,0,0,0,0
"metabat1.7.faa_contig436pilon_pilon_1980",1.29185180527056,1.98832176012744,1.90108923408269,0,1.80255518101465,1.84322922738708,0,0,0,1.11645381230496,2.00393517636671,2.36884809447434,1.09903579045027,3.01240483997652,0,0,0,0
"metabat1.7.faa_contig436pilon_pilon_1982",1.29185180527056,1.64146402980544,1.14765426080542,0,0,0,0,0,0,0,1.65565457285634,0,0,0,0,0,0,0
"metabat1.7.faa_contig436pilon_pilon_1984",0.785936028605364,0.509913214608311,1.90108923408269,0,0,0,0,0,0,0,1.19559746605447,0.67359331525981,0,0,0,0,0,0
"metabat1.7.faa_contig436pilon_pilon_1985",0.785936028605364,1.18389527239187,0.685058202165542,0,0,0,0,0,0,0,1.44388713727703,0,1.09903579045027,0,0,0,0,0
"metabat1.7.faa_contig436pilon_pilon_1986",1.66568014541256,2.70299855236506,1.14765426080542,0,0,0.897401199107369,0,0,0,0,1.19559746605447,0.67359331525981,0,0,0,0,0,0
"metabat1.7.faa_contig436pilon_pilon_1987",3.38055467503265,0,2.69374376525252,0,0,0,0,1.35258389846972,0,1.73823503865256,5.93589603549217,3.22196537340036,0,0,0,1.29118405857877,0,0
"metabat1.7.faa_contig436pilon_pilon_1988",1.96230563626242,0.509913214608311,0.38281488519608,0,0,0,0,0,0,0,4.89815312760906,1.4777407110858,0,0,0,0,0,0
"metabat1.7.faa_contig436pilon_pilon_1989",0,1.82529197697292,1.64486408351293,0,0,0.897401199107369,0,0,0,1.11645381230496,2.28427424259072,0.67359331525981,0,0,0,0,0,0
"metabat1.7.faa_contig436pilon_pilon_199",0.785936028605364,0.509913214608311,0.934818605712233,0,0,0,0,0,0,0,0.516148531667395,0.67359331525981,0,0,0,0,0,0
"metabat1.7.faa_contig436pilon_pilon_1990",1.29185180527056,1.18389527239187,0.38281488519608,0,0,0.897401199107369,0,0,0,0,0.516148531667395,0,0,0,0,0,0,0
"metabat1.7.faa_contig436pilon_pilon_1991",0,0,1.14765426080542,0,0,0,0,0,0,0,0.516148531667395,1.75709288071739,0,0,0,0,0,0
"metabat1.7.faa_contig436pilon_pilon_1994",0,1.43074458043053,0.685058202165542,0,0,0,0,0,0,0,2.51890127711715,1.13098460611101,0,0,0,0,0,0
"metabat1.7.faa_contig436pilon_pilon_1995",3.65390498999262,2.50172189281124,4.0442239994423,2.19668159538169,1.16619325035431,2.81536084815067,0,1.35258389846972,1.52740029239538,3.19801267565096,2.51890127711715,4.32490456016521,1.09903579045027,3.38203703533331,4.04716258700846,0,1.29176539221842,0
"metabat1.7.faa_contig436pilon_pilon_1996",4.71958717391639,5.05403682441173,6.10362358380124,2.80193012411026,0,2.81536084815067,0,1.35258389846972,0,4.73871079250631,4.18628571273477,6.2919589987332,2.7464361614707,2.1809567813732,2.19668159538169,1.9614664838957,0,0
"metabat1.7.faa_contig436pilon_pilon_1997",1.66568014541256,1.98832176012744,2.47463106669557,0,0,0,0,0,0,0,0.516148531667395,1.13098460611101,0,0,0,0,0,0
"metabat1.7.faa_contig436pilon_pilon_1998",0.785936028605364,0,0.685058202165542,0,0,0,0,0,0,0,0.516148531667395,0,0,1.12312357938219,0,0,0,0
"metabat1.7.faa_contig436pilon_pilon_2",0,0.88590938112637,0.685058202165542,0,0,0.897401199107369,0,0,0,0,0.89550771308478,0.67359331525981,0,0,0,0,0,0
"metabat1.7.faa_contig436pilon_pilon_2000",3.27657521655722,3.10958816605155,2.39351721646857,1.1340537405337,0,1.44647599839007,0,0,0,2.50399368872529,3.12802607292714,3.54975961724173,0,0,0,0,0,0
"metabat1.7.faa_contig436pilon_pilon_2001",2.20822168944952,2.13478485261146,2.01393892571283,0,0,0,0,0,0,1.11645381230496,2.00393517636671,2.66797545578142,0,0,0,0,0,0
"metabat1.7.faa_contig436pilon_pilon_2002",0,1.18389527239187,1.4973827041834,0,0,0,0,0,0,0,1.19559746605447,2.79709764057128,1.09903579045027,1.12312357938219,0,0,0,0
"metabat1.7.faa_contig436pilon_pilon_2003",0.785936028605364,1.18389527239187,1.77865745269737,0,0,0.897401199107369,0,0,0,0,2.00393517636671,0,0,0,0,1.29118405857877,0,0
"metabat1.7.faa_contig436pilon_pilon_2004",0,1.18389527239187,1.14765426080542,0,0,1.44647599839007,0,0,0,0,0.89550771308478,1.13098460611101,0,0,0,0,0,0
"metabat1.7.faa_contig436pilon_pilon_2005",1.66568014541256,2.26773977122091,3.29463827516837,2.19668159538169,1.80255518101465,2.81536084815067,2.07197274134539,0,0,0,1.65565457285634,2.66797545578142,2.14611569478379,3.20902661097063,3.03006654447673,0,1.29176539221842,0
"metabat1.7.faa_contig436pilon_pilon_2006",1.66568014541256,2.70299855236506,3.46311926836477,1.1340537405337,2.85218620740818,2.40967275086044,2.07197274134539,1.35258389846972,0,1.73823503865256,2.00393517636671,3.68939038606625,1.71555497817818,2.78469305237248,2.53081550425397,0,0,0
"metabat1.7.faa_contig436pilon_pilon_2007",0,0.509913214608311,1.33308998856978,0,0,0,0,0,0,0,1.19559746605447,1.75709288071739,0,0,0,0,0,0
"metabat1.7.faa_contig436pilon_pilon_2008",0,0.509913214608311,0.38281488519608,0,0,0,0,0,0,0,0.516148531667395,1.13098460611101,0,0,0,0,0,0
"metabat1.7.faa_contig436pilon_pilon_2009",0,1.43074458043053,0.934818605712233,0,1.16619325035431,0.897401199107369,0,0,0,0,0.516148531667395,1.4777407110858,0,0,0,0,0,0
"metabat1.7.faa_contig436pilon_pilon_201",1.29185180527056,0.88590938112637,0,0,0,0,0,1.35258389846972,0,0,0,0.67359331525981,0,0,0,0,0,0
"metabat1.7.faa_contig436pilon_pilon_2010",1.29185180527056,2.70299855236506,2.11859814958117,0,0,0.897401199107369,0,0,0,1.73823503865256,1.840279242946,1.4777407110858,0,0,0,0,0,0
"metabat1.7.faa_contig436pilon_pilon_2011",0,2.38946916323308,2.30756971923906,0,0,0,0,0,0,0,2.15090332733127,1.4777407110858,0,0,0,0,0,0
"metabat1.7.faa_contig436pilon_pilon_2013",0,1.43074458043053,0,0,0,0,0,0,0,0,0.89550771308478,0,0,0,0,0,0,0
"metabat1.7.faa_contig436pilon_pilon_2014",1.96230563626242,1.64146402980544,1.4973827041834,2.19668159538169,2.24262160634391,2.15407448615294,0,0,0,0,0.516148531667395,1.13098460611101,2.7464361614707,2.1809567813732,2.19668159538169,0,0,0
"metabat1.7.faa_contig436pilon_pilon_2015",1.29185180527056,0.509913214608311,2.01393892571283,1.1340537405337,0,1.84322922738708,0,0,0,0,1.44388713727703,0.67359331525981,2.14611569478379,2.51417842914998,0,1.9614664838957,0,0
"metabat1.7.faa_contig436pilon_pilon_2016",0,0.509913214608311,1.33308998856978,0,0,0,0,0,0,1.11645381230496,0.89550771308478,0,0,0,0,0,0,0
"metabat1.7.faa_contig436pilon_pilon_2017",0.785936028605364,1.43074458043053,0.685058202165542,0,0,0,0,0,0,0,1.19559746605447,1.13098460611101,1.09903579045027,0,0,0,0,0
"metabat1.7.faa_contig436pilon_pilon_2018",0,2.13478485261146,1.14765426080542,0,0,0,0,0,0,0,2.28427424259072,1.75709288071739,1.09903579045027,0,0,0,0,0
"metabat1.7.faa_contig436pilon_pilon_2019",4.6793765910378,0,4.47714881213096,0,0,0,0,0,0,2.77413745748303,6.98901112600644,4.40812669947005,0,0,0,0,0,0
"metabat1.7.faa_contig436pilon_pilon_202",0,1.64146402980544,1.33308998856978,0,0,0,0,0,0,0,1.65565457285634,1.13098460611101,0,1.12312357938219,0,0,0,0
"metabat1.7.faa_contig436pilon_pilon_2020",1.66568014541256,1.64146402980544,2.30756971923906,0,0,0,0,0,0,1.11645381230496,3.19731690639523,0.67359331525981,1.09903579045027,0,0,0,0,0
"metabat1.7.faa_contig436pilon_pilon_2021",0.785936028605364,0.88590938112637,0.934818605712233,0,0,0,0,0,0,0,0.89550771308478,0,0,0,0,0,0,0
"metabat1.7.faa_contig436pilon_pilon_2022",0.785936028605364,2.13478485261146,1.4973827041834,0,0,0,0,0,0,0,1.44388713727703,1.4777407110858,0,0,1.1340537405337,0,0,0
"metabat1.7.faa_contig436pilon_pilon_2023",0.785936028605364,0.88590938112637,0,0,0,1.84322922738708,0,0,0,0,0,0,0,1.12312357938219,0,0,0,0
"metabat1.7.faa_contig436pilon_pilon_2024",1.29185180527056,0.88590938112637,1.64486408351293,1.7610687491275,0,2.81536084815067,0,0,0,1.11645381230496,1.19559746605447,1.99102887400464,2.7464361614707,2.1809567813732,3.22700466328771,0,1.29176539221842,0
"metabat1.7.faa_contig436pilon_pilon_2025",3.27657521655722,3.68605302198994,2.94212696831667,0,0,1.84322922738708,0,0,0,1.73823503865256,5.63241191144398,3.0251155373296,1.71555497817818,1.12312357938219,0,0,0,0
"metabat1.7.faa_contig436pilon_pilon_2026",4.63801305296611,6.45800017403403,4.84063399560034,0,0,0,0,1.35258389846972,0,3.52521753160707,8.05740466151365,4.04186153709572,0,0,1.1340537405337,0,0,0
"metabat1.7.faa_contig436pilon_pilon_2027",2.41826115096941,3.17876660480948,2.47463106669557,0,0,0,0,0,0,0,4.74458808212445,1.99102887400464,0,0,0,0,0,0
"metabat1.7.faa_contig436pilon_pilon_2028",1.29185180527056,1.43074458043053,1.4973827041834,0,0,0,0,0,0,0,1.840279242946,1.13098460611101,0,0,0,0,0,0
"metabat1.7.faa_contig436pilon_pilon_2029",0,0,0.685058202165542,0,0,0,0,0,0,0,0,1.75709288071739,0,1.12312357938219,0,0,1.29176539221842,0
"metabat1.7.faa_contig436pilon_pilon_203",0.785936028605364,2.26773977122091,2.39351721646857,1.1340537405337,1.16619325035431,2.15407448615294,0,0,0,2.17133542639018,2.00393517636671,0,1.71555497817818,0,0,1.29118405857877,0,1.46983126765765
"metabat1.7.faa_contig436pilon_pilon_2030",1.96230563626242,0.88590938112637,2.01393892571283,0,0,0,0,0,0,2.77413745748303,1.840279242946,1.75709288071739,0,0,0,0,0,0
"metabat1.7.faa_contig436pilon_pilon_2031",0.785936028605364,2.50172189281124,2.47463106669557,1.7610687491275,1.16619325035431,0,0,0,0,0,2.72065470380689,1.13098460611101,1.09903579045027,0,1.1340537405337,0,0,0
"metabat1.7.faa_contig436pilon_pilon_2032",1.96230563626242,2.38946916323308,1.90108923408269,0,0,0,0,0,0,1.73823503865256,3.38721208338708,2.19227141791183,0,0,0,0,0,0
"metabat1.7.faa_contig436pilon_pilon_2034",3.65390498999262,1.18389527239187,3.68385962283777,0,0,0,0,0,0,2.17133542639018,6.39258391703001,3.47452603770725,0,0,0,0,0,0
"metabat1.7.faa_contig436pilon_pilon_2035",2.41826115096941,1.64146402980544,2.01393892571283,0,0,0,0,0,0,0,2.51890127711715,1.99102887400464,0,0,0,0,0,0
"metabat1.7.faa_contig436pilon_pilon_2036",0.785936028605364,0,1.33308998856978,0,0,0,0,0,0,2.17133542639018,0.516148531667395,1.75709288071739,0,0,0,0,0,0
"metabat1.7.faa_contig436pilon_pilon_2037",0,1.18389527239187,0.934818605712233,0,0,0,0,0,0,0,1.19559746605447,0,0,0,0,0,0,0
"metabat1.7.faa_contig436pilon_pilon_2038",3.47754119462173,2.26773977122091,3.46311926836477,0,0,0,0,0,0,1.73823503865256,7.0084204249037,3.87636351787433,0,1.12312357938219,0,0,0,0
"metabat1.7.faa_contig436pilon_pilon_204",0.785936028605364,0.509913214608311,0.934818605712233,0,0,0,0,0,0,0,0.516148531667395,0,0,0,0,0,0,0
"metabat1.7.faa_contig436pilon_pilon_2040",1.66568014541256,1.43074458043053,0.934818605712233,0,1.16619325035431,0,0,0,0,1.11645381230496,0.89550771308478,0,0,0,0,0,0,0
"metabat1.7.faa_contig436pilon_pilon_2041",1.96230563626242,0.88590938112637,0.685058202165542,0,0,0,0,0,0,1.73823503865256,0.89550771308478,0,0,0,0,0,0,0
"metabat1.7.faa_contig436pilon_pilon_2043",0,0.88590938112637,1.14765426080542,0,0,0,0,0,0,0,0.516148531667395,1.75709288071739,0,0,0,0,0,0
"metabat1.7.faa_contig436pilon_pilon_2044",1.29185180527056,1.18389527239187,1.14765426080542,0,0,0,0,0,0,0,0.89550771308478,1.13098460611101,0,0,0,0,0,0
"metabat1.7.faa_contig436pilon_pilon_2045",0,1.18389527239187,1.77865745269737,0,0,0,0,0,0,0,1.65565457285634,1.99102887400464,1.09903579045027,0,1.1340537405337,0,0,0
"metabat1.7.faa_contig436pilon_pilon_2046",0,1.18389527239187,0.685058202165542,1.1340537405337,0,0,0,0,0,1.73823503865256,1.44388713727703,0,0,0,1.1340537405337,0,0,0
"metabat1.7.faa_contig436pilon_pilon_2047",1.29185180527056,1.64146402980544,1.4973827041834,1.1340537405337,0,0,0,0,0,1.73823503865256,1.65565457285634,2.52615053480768,1.71555497817818,2.1809567813732,0,0,0,0
"metabat1.7.faa_contig436pilon_pilon_2048",1.96230563626242,1.18389527239187,2.62433913730106,0,0,1.84322922738708,0,0,0,0,4.74458808212445,2.79709764057128,0,0,0,0,0,0
"metabat1.7.faa_contig436pilon_pilon_2049",0.785936028605364,0.509913214608311,0.38281488519608,0,0,0,0,0,0,0,1.65565457285634,0.67359331525981,0,0,0,1.29118405857877,0,0
"metabat1.7.faa_contig436pilon_pilon_2050",3.16451550209409,2.87960148378125,3.29463827516837,2.19668159538169,1.80255518101465,3.13165008026539,3.17177214826266,4.40585498471846,2.73291553002157,3.66463510246245,2.8976244326255,3.93366505780459,3.76163235739226,3.01240483997652,2.19668159538169,4.19908018363068,3.042884725337,3.53845991366166
"metabat1.7.faa_contig436pilon_pilon_2052",0,0,0.38281488519608,0,0,0,0,0,0,0,1.65565457285634,0,0,0,0,0,0,0
"metabat1.7.faa_contig436pilon_pilon_2053",0,0.509913214608311,0,0,0,0,0,0,0,0,1.840279242946,0,1.09903579045027,0,0,0,0,0
"metabat1.7.faa_contig436pilon_pilon_2055",0,0.509913214608311,0,0,0,0,0,0,0,0,1.44388713727703,0.67359331525981,0,0,0,0,0,0
"metabat1.7.faa_contig436pilon_pilon_2056",0,2.38946916323308,1.33308998856978,0,0,0,0,0,0,0,1.44388713727703,1.13098460611101,0,1.74689798439781,0,0,0,0
"metabat1.7.faa_contig436pilon_pilon_2058",0,1.43074458043053,0.685058202165542,0,0,0,0,0,0,0,0.89550771308478,1.4777407110858,0,0,0,0,0,0
"metabat1.7.faa_contig436pilon_pilon_2059",0.785936028605364,0,0.685058202165542,0,0,0,0,0,0,0,0.89550771308478,0,0,0,0,0,0,0
"metabat1.7.faa_contig436pilon_pilon_2060",2.20822168944952,0.509913214608311,3.46311926836477,0,0,0,0,0,0,1.11645381230496,5.50155437642746,2.79709764057128,0,0,0,0,0,0
"metabat1.7.faa_contig436pilon_pilon_2061",0.785936028605364,1.18389527239187,0.685058202165542,0,0,0,0,0,0,1.11645381230496,2.00393517636671,1.13098460611101,0,0,0,0,0,0
"metabat1.7.faa_contig436pilon_pilon_2062",0,0.509913214608311,0.934818605712233,0,0,0,0,0,0,0,0,0,0,0,0,1.29118405857877,0,0
"metabat1.7.faa_contig436pilon_pilon_2063",0,2.38946916323308,2.47463106669557,0,0,0.897401199107369,1.37979066905676,0,0,1.11645381230496,1.840279242946,3.39515229077606,0,0,0,0,0,0
"metabat1.7.faa_contig436pilon_pilon_2064",1.66568014541256,1.18389527239187,1.14765426080542,0,0,0.897401199107369,0,0,0,1.11645381230496,1.19559746605447,1.4777407110858,1.09903579045027,0,0,0,1.29176539221842,0
"metabat1.7.faa_contig436pilon_pilon_2065",1.29185180527056,1.18389527239187,0.38281488519608,0,0,0,0,0,0,0,1.44388713727703,0,0,0,0,0,0,0
"metabat1.7.faa_contig436pilon_pilon_2066",1.29185180527056,1.64146402980544,1.4973827041834,0,0,1.44647599839007,0,0,1.52740029239538,1.11645381230496,1.44388713727703,1.75709288071739,0,0,1.1340537405337,0,1.29176539221842,0
"metabat1.7.faa_contig436pilon_pilon_2068",0,0.88590938112637,0.38281488519608,0,0,0,0,0,0,1.11645381230496,0.516148531667395,0,0,0,0,0,0,0
"metabat1.7.faa_contig436pilon_pilon_2069",0,0.88590938112637,0.38281488519608,0,0,0,0,0,0,1.11645381230496,1.19559746605447,0,0,0,0,0,0,0
"metabat1.7.faa_contig436pilon_pilon_2070",1.66568014541256,1.82529197697292,2.01393892571283,1.1340537405337,0,0,0,0,0,1.11645381230496,2.00393517636671,2.19227141791183,0,0,1.1340537405337,0,0,0
"metabat1.7.faa_contig436pilon_pilon_2071",7.33136977862943,6.31935425758016,7.44471302739645,7.54982561325084,8.36942155694456,8.90888917019427,4.08941857015108,4.04761767344085,5.04462172522313,3.37087159342887,4.49227692048488,5.78525527544345,5.61379155834378,6.46246733841942,4.77000461515964,1.29118405857877,1.96219704722974,3.53845991366166
"metabat1.7.faa_contig436pilon_pilon_2072",0.785936028605364,0,0.934818605712233,0,0,0.897401199107369,0,0,0,0,0.89550771308478,0.67359331525981,1.09903579045027,0,0,0,0,0
"metabat1.7.faa_contig436pilon_pilon_2073",0,1.43074458043053,1.33308998856978,1.7610687491275,0,1.44647599839007,0,0,0,0,1.44388713727703,1.4777407110858,0,0,0,0,0,0
"metabat1.7.faa_contig436pilon_pilon_2074",1.66568014541256,0.88590938112637,0,0,0,0,0,0,0,1.11645381230496,0,0,0,0,0,0,0,0
"metabat1.7.faa_contig436pilon_pilon_2075",0,0,0,0,0,0,0,0,0,1.11645381230496,1.44388713727703,0.67359331525981,0,0,0,0,0,0
"metabat1.7.faa_contig436pilon_pilon_2076",0,0,0.934818605712233,0,0,0,0,0,0,0,0.516148531667395,1.13098460611101,1.09903579045027,0,0,0,0,0
"metabat1.7.faa_contig436pilon_pilon_2078",0.785936028605364,1.18389527239187,0.934818605712233,0,0,0,0,0,0,0,1.19559746605447,0,1.71555497817818,0,0,0,0,0
"metabat1.7.faa_contig436pilon_pilon_2079",0.785936028605364,0.88590938112637,1.90108923408269,0,0,0,0,0,0,1.73823503865256,0.516148531667395,2.19227141791183,0,0,0,0,0,0
"metabat1.7.faa_contig436pilon_pilon_2080",1.66568014541256,1.64146402980544,1.64486408351293,1.1340537405337,0,0.897401199107369,2.07197274134539,0,0,1.73823503865256,0.89550771308478,2.36884809447434,0,0,0,0,0,0
"metabat1.7.faa_contig436pilon_pilon_2081",3.56841638845068,2.60586750229792,4.07055573370681,0,0,0.897401199107369,2.53777273352371,0,0,4.91663646880357,3.44533485995722,4.85633423712401,2.14611569478379,0,0,2.41734347868894,1.96219704722974,1.46983126765765
"metabat1.7.faa_contig436pilon_pilon_2082",2.76419434237269,0.88590938112637,2.62433913730106,0,1.80255518101465,0,1.37979066905676,1.35258389846972,0,2.77413745748303,2.00393517636671,3.12689527349591,1.71555497817818,0,0,0,2.41814240401883,2.18262553826444
"metabat1.7.faa_contig436pilon_pilon_2083",1.96230563626242,0.509913214608311,2.39351721646857,1.7610687491275,1.80255518101465,1.44647599839007,0,1.35258389846972,1.52740029239538,1.73823503865256,0.89550771308478,3.31115602998447,0,0,0,0,0,1.46983126765765
"metabat1.7.faa_contig436pilon_pilon_2084",0.785936028605364,0.88590938112637,0,0,0,0,0,0,0,1.11645381230496,1.19559746605447,1.4777407110858,0,1.12312357938219,0,0,0,0
"metabat1.7.faa_contig436pilon_pilon_2085",1.29185180527056,0.88590938112637,0.934818605712233,0,0,0,0,0,0,1.11645381230496,1.840279242946,1.4777407110858,1.71555497817818,0,0,0,0,0
"metabat1.7.faa_contig436pilon_pilon_2086",0,0,0,1.7610687491275,1.16619325035431,0.897401199107369,0,0,0,0,0,0,0,1.12312357938219,0,0,0,0
"metabat1.7.faa_contig436pilon_pilon_2087",0,0.509913214608311,0.38281488519608,0,0,0,0,0,0,1.11645381230496,0,1.75709288071739,0,0,0,0,0,0
"metabat1.7.faa_contig436pilon_pilon_2089",0,1.43074458043053,2.11859814958117,0,0,1.44647599839007,0,0,0,0,1.840279242946,1.13098460611101,1.09903579045027,2.78469305237248,0,0,0,0
"metabat1.7.faa_contig436pilon_pilon_2090",0.785936028605364,0,0,0,1.16619325035431,0,0,0,0,0,0.516148531667395,1.13098460611101,0,1.12312357938219,0,0,0,0
"metabat1.7.faa_contig436pilon_pilon_2091",1.29185180527056,1.43074458043053,0.685058202165542,0,1.16619325035431,1.84322922738708,0,0,0,1.11645381230496,0.89550771308478,0,0,1.12312357938219,1.1340537405337,0,0,0
"metabat1.7.faa_contig436pilon_pilon_2092",0.785936028605364,1.18389527239187,1.4973827041834,0,0,2.15407448615294,0,0,0,0,0,0,1.71555497817818,2.1809567813732,0,1.29118405857877,1.29176539221842,0
"metabat1.7.faa_contig436pilon_pilon_2093",0,0.88590938112637,1.4973827041834,0,0,0,0,0,0,0,0.89550771308478,1.4777407110858,0,0,0,0,0,0
"metabat1.7.faa_contig436pilon_pilon_2094",0,1.64146402980544,1.4973827041834,0,0,0,0,0,0,0,1.19559746605447,0.67359331525981,0,0,0,0,0,0
"metabat1.7.faa_contig436pilon_pilon_2095",0,1.43074458043053,0.685058202165542,0,1.16619325035431,0.897401199107369,0,1.35258389846972,0,0,1.19559746605447,1.13098460611101,1.09903579045027,0,0,1.29118405857877,1.29176539221842,0
"metabat1.7.faa_contig436pilon_pilon_2097",0.785936028605364,1.18389527239187,0,0,0,0,0,0,0,0,1.65565457285634,1.13098460611101,0,0,0,0,0,0
"metabat1.7.faa_contig436pilon_pilon_2098",0,1.43074458043053,0.685058202165542,0,0,1.44647599839007,0,0,0,0,0.516148531667395,0.67359331525981,0,0,0,0,0,0
"metabat1.7.faa_contig436pilon_pilon_2099",0.785936028605364,0,0,0,0,0,0,0,0,0,0.89550771308478,1.13098460611101,0,0,0,0,0,0
"metabat1.7.faa_contig436pilon_pilon_21",0,0,0.685058202165542,0,0,0,0,0,0,1.11645381230496,0.89550771308478,0,1.09903579045027,0,0,0,0,0
"metabat1.7.faa_contig436pilon_pilon_210",1.29185180527056,1.98832176012744,2.11859814958117,2.19668159538169,0,0,0,0,2.25257262097379,3.00158663115357,1.19559746605447,2.19227141791183,2.7464361614707,0,1.7610687491275,1.29118405857877,2.41814240401883,2.18262553826444
"metabat1.7.faa_contig436pilon_pilon_2101",0,1.18389527239187,0.38281488519608,0,0,0,0,0,0,0,0.516148531667395,0,0,0,0,0,0,0
"metabat1.7.faa_contig436pilon_pilon_2102",0,0,1.14765426080542,0,0,0,0,0,0,0,0.516148531667395,0,0,0,0,0,0,0
"metabat1.7.faa_contig436pilon_pilon_2103",0.785936028605364,2.26773977122091,1.77865745269737,0,0,0,0,0,0,0,2.62330189181478,0,0,0,1.7610687491275,0,0,0
"metabat1.7.faa_contig436pilon_pilon_2104",0.785936028605364,1.43074458043053,0.38281488519608,0,0,0.897401199107369,0,0,0,0,0.516148531667395,0.67359331525981,0,0,0,0,0,0
"metabat1.7.faa_contig436pilon_pilon_2105",0,0,0.934818605712233,1.1340537405337,1.16619325035431,0,0,0,0,1.11645381230496,0.516148531667395,0,0,1.12312357938219,1.1340537405337,0,0,0
"metabat1.7.faa_contig436pilon_pilon_2106",0.785936028605364,0.509913214608311,0.934818605712233,0,0,0,0,0,0,0,0.516148531667395,0,0,0,0,0,0,0
"metabat1.7.faa_contig436pilon_pilon_2107",0,0,0.38281488519608,2.53081550425397,1.16619325035431,0,0,0,0,0,0.516148531667395,1.13098460611101,1.71555497817818,2.1809567813732,0,0,0,0
"metabat1.7.faa_contig436pilon_pilon_2108",0,0,0,0,0,0,0,0,0,0,0.516148531667395,0.67359331525981,0,2.1809567813732,0,0,0,0
"metabat1.7.faa_contig436pilon_pilon_211",0,0.509913214608311,0.38281488519608,0,0,0,0,0,0,1.73823503865256,0.516148531667395,0,0,0,0,0,0,0
"metabat1.7.faa_contig436pilon_pilon_2111",0,0.88590938112637,0,0,0,0,0,0,0,0,0.89550771308478,1.13098460611101,0,0,0,0,0,0
"metabat1.7.faa_contig436pilon_pilon_2112",0,1.43074458043053,1.33308998856978,0,0,0.897401199107369,0,0,0,2.17133542639018,0.89550771308478,0,0,0,0,0,0,0
"metabat1.7.faa_contig436pilon_pilon_2113",0.785936028605364,0.509913214608311,1.14765426080542,0,0,2.15407448615294,0,0,0,0,0.516148531667395,0,1.09903579045027,1.12312357938219,1.1340537405337,0,0,0
"metabat1.7.faa_contig436pilon_pilon_2114",1.29185180527056,0.509913214608311,0.38281488519608,0,1.16619325035431,0.897401199107369,0,0,0,0,0,0,0,1.12312357938219,1.7610687491275,0,0,0
"metabat1.7.faa_contig436pilon_pilon_2115",1.29185180527056,1.43074458043053,1.64486408351293,0,0,0,0,0,0,0,1.19559746605447,0,0,0,0,1.29118405857877,0,0
"metabat1.7.faa_contig436pilon_pilon_2116",0,1.18389527239187,0.38281488519608,0,0,0,0,0,0,1.11645381230496,0.89550771308478,0,1.09903579045027,0,0,0,0,0
"metabat1.7.faa_contig436pilon_pilon_2117",0.785936028605364,2.26773977122091,0.38281488519608,1.1340537405337,1.80255518101465,1.44647599839007,0,0,0,0,0.89550771308478,0.67359331525981,0,0,0,0,1.29176539221842,0
"metabat1.7.faa_contig436pilon_pilon_212",0.785936028605364,0.88590938112637,0,0,0,0.897401199107369,0,0,0,0,1.19559746605447,0,0,0,0,0,0,0
"metabat1.7.faa_contig436pilon_pilon_2120",1.29185180527056,1.43074458043053,1.64486408351293,0,0,0,0,0,0,1.11645381230496,1.840279242946,1.4777407110858,0,0,0,0,0,0
"metabat1.7.faa_contig436pilon_pilon_2123",0,1.18389527239187,1.14765426080542,0,0,0,0,0,0,0,0,1.4777407110858,0,0,0,0,0,0
"metabat1.7.faa_contig436pilon_pilon_2126",0.785936028605364,0.88590938112637,1.33308998856978,0,0,0.897401199107369,0,0,0,0,0.516148531667395,2.19227141791183,0,1.12312357938219,0,0,0,0
"metabat1.7.faa_contig436pilon_pilon_2127",0.785936028605364,1.43074458043053,0.934818605712233,0,0,0.897401199107369,1.37979066905676,0,0,0,0.89550771308478,0.67359331525981,0,0,1.1340537405337,0,0,0
"metabat1.7.faa_contig436pilon_pilon_2128",0,1.98832176012744,0.38281488519608,0,1.16619325035431,0,0,0,0,0,1.44388713727703,1.13098460611101,0,0,0,0,0,0
"metabat1.7.faa_contig436pilon_pilon_2129",1.29185180527056,0,0.38281488519608,0,0,1.44647599839007,0,0,0,1.11645381230496,0.89550771308478,2.19227141791183,0,0,0,0,0,0
"metabat1.7.faa_contig436pilon_pilon_2130",1.29185180527056,1.18389527239187,1.33308998856978,0,0,0,0,0,0,0,0.89550771308478,1.13098460611101,2.14611569478379,1.12312357938219,0,0,0,0
"metabat1.7.faa_contig436pilon_pilon_2131",0,0.509913214608311,0,0,0,1.44647599839007,0,0,0,1.11645381230496,0.89550771308478,0,0,0,0,0,0,0
"metabat1.7.faa_contig436pilon_pilon_2132",0,0.509913214608311,0.38281488519608,0,0,0.897401199107369,0,0,0,0,0.89550771308478,0,0,0,0,0,0,0
"metabat1.7.faa_contig436pilon_pilon_2133",3.47754119462173,3.68605302198994,3.29463827516837,2.53081550425397,1.80255518101465,2.40967275086044,3.78852376581931,3.13232256184094,3.82564465733159,3.66463510246245,3.70528148982604,3.87636351787433,3.76163235739226,3.01240483997652,3.22700466328771,3.6528657669222,3.95258948185691,4.35535776163583
"metabat1.7.faa_contig436pilon_pilon_2134",0,0.509913214608311,0,1.1340537405337,0,1.44647599839007,0,0,0,0,0,0,0,2.51417842914998,1.1340537405337,1.9614664838957,0,0
"metabat1.7.faa_contig436pilon_pilon_2135",0,0,0.934818605712233,0,0,0,0,0,0,0,0.516148531667395,1.13098460611101,0,0,0,0,0,0
"metabat1.7.faa_contig436pilon_pilon_2137",0,0.88590938112637,0,1.1340537405337,0,0.897401199107369,0,0,0,0,0.89550771308478,0.67359331525981,0,0,0,0,0,0
"metabat1.7.faa_contig436pilon_pilon_2138",0,0.509913214608311,0.38281488519608,0,0,0,0,0,0,0,1.19559746605447,0,0,0,1.1340537405337,0,0,0
"metabat1.7.faa_contig436pilon_pilon_2139",0,0.88590938112637,0,1.1340537405337,0,0,0,0,0,0,0.516148531667395,1.13098460611101,0,0,0,0,0,0
"metabat1.7.faa_contig436pilon_pilon_2140",1.29185180527056,0.509913214608311,1.90108923408269,0,0,0.897401199107369,1.37979066905676,0,0,0,0.516148531667395,1.13098460611101,0,0,0,0,0,0
"metabat1.7.faa_contig436pilon_pilon_2143",0,0,0.38281488519608,0,0,0,0,0,0,0,1.44388713727703,0,0,0,0,0,0,0
"metabat1.7.faa_contig436pilon_pilon_2144",0.785936028605364,1.82529197697292,0.934818605712233,1.1340537405337,0,0.897401199107369,0,0,0,0,1.19559746605447,0,0,0,0,1.29118405857877,0,0
"metabat1.7.faa_contig436pilon_pilon_2145",0,0.509913214608311,0.934818605712233,0,0,0.897401199107369,0,0,0,0,0,0,0,0,1.1340537405337,0,0,0
"metabat1.7.faa_contig436pilon_pilon_2146",0,0.509913214608311,0.685058202165542,1.1340537405337,0,0.897401199107369,0,0,0,0,0.516148531667395,0,0,0,0,0,0,0
"metabat1.7.faa_contig436pilon_pilon_2147",0.785936028605364,0.88590938112637,0,0,0,0,0,0,0,0,1.19559746605447,0.67359331525981,0,0,0,0,0,0
"metabat1.7.faa_contig436pilon_pilon_2148",1.29185180527056,0,0.685058202165542,0,0,0.897401199107369,0,0,0,0,0,0,0,0,0,0,0,0
"metabat1.7.faa_contig436pilon_pilon_215",1.96230563626242,2.50172189281124,0.685058202165542,0,0,0,0,0,0,0,0,0.67359331525981,1.09903579045027,0,0,0,0,0
"metabat1.7.faa_contig436pilon_pilon_2151",1.29185180527056,0,0.685058202165542,0,0,0,0,0,0,0,1.19559746605447,1.4777407110858,1.09903579045027,0,0,0,0,0
"metabat1.7.faa_contig436pilon_pilon_2153",0,1.43074458043053,1.33308998856978,0,0,1.44647599839007,1.37979066905676,0,0,0,1.840279242946,0.67359331525981,0,0,0,0,0,0
"metabat1.7.faa_contig436pilon_pilon_2154",1.29185180527056,1.64146402980544,0.685058202165542,0,0,0,2.53777273352371,0,0,0,0.89550771308478,0,0,0,0,0,0,0
"metabat1.7.faa_contig436pilon_pilon_2156",0,0,0.685058202165542,0,0,0,0,0,0,0,0.516148531667395,0,1.09903579045027,1.74689798439781,0,0,0,0
"metabat1.7.faa_contig436pilon_pilon_2157",0.785936028605364,1.98832176012744,2.11859814958117,0,0,0.897401199107369,0,0,0,1.11645381230496,1.840279242946,1.75709288071739,0,0,0,0,0,1.46983126765765
"metabat1.7.faa_contig436pilon_pilon_2159",0,0.88590938112637,0.38281488519608,0,0,0,0,0,0,0,0.89550771308478,0,0,0,0,0,0,0
"metabat1.7.faa_contig436pilon_pilon_2160",0,0.509913214608311,1.14765426080542,0,0,1.84322922738708,0,0,0,0,0,1.13098460611101,0,0,0,0,0,0
"metabat1.7.faa_contig436pilon_pilon_2161",0,1.43074458043053,0.685058202165542,0,0,0,0,0,0,0,1.19559746605447,1.13098460611101,0,0,0,1.29118405857877,0,0
"metabat1.7.faa_contig436pilon_pilon_2162",0,1.82529197697292,1.64486408351293,0,0,0,0,0,0,0,1.65565457285634,0.67359331525981,0,0,0,0,0,0
"metabat1.7.faa_contig436pilon_pilon_2164",1.29185180527056,1.18389527239187,2.01393892571283,0,0,0.897401199107369,0,0,0,1.11645381230496,0.89550771308478,0.67359331525981,1.09903579045027,0,0,0,0,0
"metabat1.7.faa_contig436pilon_pilon_2166",1.96230563626242,1.18389527239187,2.47463106669557,1.1340537405337,0,1.84322922738708,0,1.35258389846972,0,0,2.28427424259072,1.99102887400464,2.47727817412133,3.01240483997652,1.1340537405337,0,0,0
"metabat1.7.faa_contig436pilon_pilon_2167",0,0,0.934818605712233,1.7610687491275,0,0.897401199107369,0,0,0,0,1.19559746605447,0,1.09903579045027,1.12312357938219,0,0,0,0
"metabat1.7.faa_contig436pilon_pilon_2168",3.27657521655722,3.30790282016009,3.38133682150871,1.7610687491275,1.80255518101465,3.70905964844488,0,0,0,1.11645381230496,2.81185139127062,3.98877734887892,2.7464361614707,3.53650372487776,0,0,0,0
"metabat1.7.faa_contig436pilon_pilon_2169",0.785936028605364,1.18389527239187,2.11859814958117,1.1340537405337,0,1.44647599839007,0,0,0,1.11645381230496,2.00393517636671,0.67359331525981,1.09903579045027,0,0,0,0,0
"metabat1.7.faa_contig436pilon_pilon_2171",0.785936028605364,0.509913214608311,0.685058202165542,0,0,0,0,0,0,0,0.516148531667395,1.4777407110858,0,0,0,0,0,0
"metabat1.7.faa_contig436pilon_pilon_2172",0,1.18389527239187,0.934818605712233,1.1340537405337,0,0,0,0,0,0,1.19559746605447,1.13098460611101,0,0,0,0,0,0
"metabat1.7.faa_contig436pilon_pilon_2173",1.29185180527056,2.13478485261146,2.30756971923906,0,0,1.84322922738708,0,0,0,0,1.65565457285634,2.36884809447434,0,0,1.1340537405337,0,1.29176539221842,0
"metabat1.7.faa_contig436pilon_pilon_2174",0,0.88590938112637,1.33308998856978,0,0,0,0,0,0,0,1.44388713727703,0,0,0,0,0,0,0
"metabat1.7.faa_contig436pilon_pilon_2175",0,1.18389527239187,0,0,0,0,0,0,0,0,1.19559746605447,0,0,0,0,0,0,0
"metabat1.7.faa_contig436pilon_pilon_2177",1.66568014541256,0.88590938112637,0.685058202165542,2.53081550425397,1.16619325035431,2.15407448615294,0,0,0,0,0,1.13098460611101,1.71555497817818,0,0,0,0,0
"metabat1.7.faa_contig436pilon_pilon_2178",1.66568014541256,0.88590938112637,2.01393892571283,0,0,0.897401199107369,0,0,0,1.11645381230496,0.89550771308478,0.67359331525981,0,0,3.03006654447673,0,1.29176539221842,0
"metabat1.7.faa_contig436pilon_pilon_2179",2.20822168944952,1.82529197697292,1.90108923408269,0,0,0.897401199107369,0,0,0,0,0.516148531667395,1.99102887400464,0,0,0,0,0,0
"metabat1.7.faa_contig436pilon_pilon_2180",3.04301307761808,2.50172189281124,4.01740271550024,1.1340537405337,0,0,1.37979066905676,0,0,1.73823503865256,2.51890127711715,3.98877734887892,0,0,0,0,0,0
"metabat1.7.faa_contig436pilon_pilon_2182",0,1.43074458043053,0,0,0,0,0,0,0,0,0.516148531667395,0,0,0,0,0,0,0
"metabat1.7.faa_contig436pilon_pilon_2183",1.29185180527056,1.64146402980544,2.21617578280615,0,0,0,0,0,0,2.17133542639018,1.840279242946,2.66797545578142,0,0,0,0,0,0
"metabat1.7.faa_contig436pilon_pilon_2184",0.785936028605364,0,0.38281488519608,0,0,0,0,0,0,1.73823503865256,0.89550771308478,1.4777407110858,0,0,0,0,0,0
"metabat1.7.faa_contig436pilon_pilon_2186",0,0,0.38281488519608,1.7610687491275,1.16619325035431,0.897401199107369,0,0,0,0,0.516148531667395,0,0,0,1.7610687491275,0,0,0
"metabat1.7.faa_contig436pilon_pilon_2187",2.20822168944952,1.18389527239187,2.21617578280615,4.04716258700846,3.27936919850574,4.25677358996901,0,0,2.25257262097379,0,1.65565457285634,1.99102887400464,2.47727817412133,3.20902661097063,2.80193012411026,0,0,0
"metabat1.7.faa_contig436pilon_pilon_2188",1.66568014541256,0.509913214608311,0,1.1340537405337,1.16619325035431,2.15407448615294,0,0,0,0,0,0.67359331525981,0,0,0,0,0,0
"metabat1.7.faa_contig436pilon_pilon_2189",0.785936028605364,0.509913214608311,0,0,1.16619325035431,1.84322922738708,0,0,0,0,0.89550771308478,0,1.09903579045027,0,1.7610687491275,0,0,0
"metabat1.7.faa_contig436pilon_pilon_2190",0,0,0.685058202165542,2.19668159538169,0,1.44647599839007,0,0,0,0,0,1.13098460611101,1.71555497817818,0,1.1340537405337,0,1.29176539221842,0
"metabat1.7.faa_contig436pilon_pilon_2191",0.785936028605364,1.43074458043053,2.21617578280615,2.19668159538169,1.16619325035431,2.40967275086044,0,0,0,0,1.65565457285634,1.99102887400464,2.47727817412133,0,1.1340537405337,0,0,0
"metabat1.7.faa_contig436pilon_pilon_2192",1.96230563626242,1.64146402980544,2.39351721646857,0,1.80255518101465,1.44647599839007,0,0,0,0,1.65565457285634,2.36884809447434,2.14611569478379,0,0,0,0,2.18262553826444
"metabat1.7.faa_contig436pilon_pilon_2193",2.41826115096941,2.60586750229792,3.05192925054972,2.53081550425397,1.80255518101465,1.44647599839007,0,0,0,2.50399368872529,2.81185139127062,2.79709764057128,0,0,0,0,0,0
"metabat1.7.faa_contig436pilon_pilon_2195",0,1.18389527239187,1.4973827041834,0,0,0,0,0,0,0,0,0.67359331525981,0,0,0,0,0,0
"metabat1.7.faa_contig436pilon_pilon_2196",0,0.88590938112637,1.14765426080542,0,0,0,0,0,0,0,0.516148531667395,0,0,0,0,0,0,0
"metabat1.7.faa_contig436pilon_pilon_2197",1.29185180527056,1.64146402980544,0.685058202165542,0,0,0,0,0,0,0,0.516148531667395,0,0,0,0,0,0,0
"metabat1.7.faa_contig436pilon_pilon_2198",0.785936028605364,1.98832176012744,1.4973827041834,0,0,0.897401199107369,0,0,0,0,0.516148531667395,0,1.09903579045027,0,0,0,0,0
"metabat1.7.faa_contig436pilon_pilon_2199",0,0.509913214608311,0,0,0,1.84322922738708,0,0,0,0,0.516148531667395,0,0,0,0,0,0,0
"metabat1.7.faa_contig436pilon_pilon_2200",1.29185180527056,1.18389527239187,0.934818605712233,0,1.16619325035431,1.84322922738708,0,0,0,1.11645381230496,1.44388713727703,0.67359331525981,2.47727817412133,0,0,0,1.96219704722974,0
"metabat1.7.faa_contig436pilon_pilon_2201",0.785936028605364,1.18389527239187,0.934818605712233,0,1.16619325035431,0,0,0,0,0,2.15090332733127,1.13098460611101,0,0,0,0,0,0
"metabat1.7.faa_contig436pilon_pilon_2202",0,1.64146402980544,0,0,0,0,0,0,0,0,0.516148531667395,0,0,0,0,0,0,0
"metabat1.7.faa_contig436pilon_pilon_2203",5.45049956116167,4.57858160825411,4.01740271550024,2.53081550425397,2.57936124805689,2.40967275086044,3.94680148371806,4.60320278557522,3.62011191833436,5.38835088793482,4.37754594186161,4.7645688040073,3.87827190983408,3.01240483997652,2.53081550425397,3.04202115345873,4.30943597543013,3.92211787784474
"metabat1.7.faa_contig436pilon_pilon_2204",0,1.43074458043053,1.90108923408269,0,0,1.44647599839007,0,0,0,1.11645381230496,2.00393517636671,1.4777407110858,1.09903579045027,0,0,0,0,0
"metabat1.7.faa_contig436pilon_pilon_2207",0,0.509913214608311,0.685058202165542,0,0,0,0,0,0,0,0.89550771308478,0,0,0,0,0,0,0
"metabat1.7.faa_contig436pilon_pilon_2208",0.785936028605364,1.98832176012744,2.11859814958117,1.7610687491275,0,2.98215586941322,0,0,0,1.73823503865256,2.40635221835154,2.36884809447434,2.7464361614707,1.12312357938219,0,0,0,0
"metabat1.7.faa_contig436pilon_pilon_2209",0,1.43074458043053,0.685058202165542,0,0,0,0,0,0,1.73823503865256,0.516148531667395,0.67359331525981,0,0,0,0,0,0
"metabat1.7.faa_contig436pilon_pilon_2210",1.66568014541256,0,1.33308998856978,0,0,0,0,1.35258389846972,0,1.73823503865256,1.44388713727703,0.67359331525981,0,0,0,0,0,0
"metabat1.7.faa_contig436pilon_pilon_2211",0,0,1.14765426080542,0,0,0,0,0,0,1.11645381230496,1.44388713727703,0,0,1.12312357938219,0,0,0,0
"metabat1.7.faa_contig436pilon_pilon_2213",0,1.18389527239187,0.38281488519608,0,0,0,0,0,0,0,0.516148531667395,1.4777407110858,0,0,0,0,0,0
"metabat1.7.faa_contig436pilon_pilon_2214",0.785936028605364,0.88590938112637,1.64486408351293,0,0,0,0,0,0,0,1.19559746605447,1.13098460611101,0,0,0,0,0,0
"metabat1.7.faa_contig436pilon_pilon_2215",0,0,1.33308998856978,0,0,0,0,0,0,0,1.19559746605447,1.4777407110858,0,0,0,0,0,0
"metabat1.7.faa_contig436pilon_pilon_2217",0,1.18389527239187,0.934818605712233,0,1.80255518101465,0,0,0,0,1.11645381230496,0.89550771308478,0,0,0,0,0,0,0
"metabat1.7.faa_contig436pilon_pilon_2219",1.29185180527056,1.98832176012744,0.934818605712233,0,0,0,0,0,0,2.17133542639018,2.15090332733127,1.13098460611101,0,0,0,0,0,0
"metabat1.7.faa_contig436pilon_pilon_222",0,1.43074458043053,1.14765426080542,0,0,0,0,0,0,0,2.00393517636671,1.4777407110858,1.09903579045027,0,0,0,0,0
"metabat1.7.faa_contig436pilon_pilon_2220",0,1.18389527239187,0.685058202165542,0,1.16619325035431,0,0,0,0,0,1.19559746605447,1.13098460611101,0,0,1.7610687491275,0,0,0
"metabat1.7.faa_contig436pilon_pilon_2223",0,0.88590938112637,0.934818605712233,0,0,0,0,0,0,0,0,0,0,0,0,0,0,0
"metabat1.7.faa_contig436pilon_pilon_2224",0,0.509913214608311,0.685058202165542,0,0,0,0,0,0,0,0.89550771308478,0.67359331525981,0,0,0,0,0,0
"metabat1.7.faa_contig436pilon_pilon_2227",0,0.88590938112637,1.14765426080542,0,0,0,0,0,0,0,1.19559746605447,0.67359331525981,0,0,0,0,0,0
"metabat1.7.faa_contig436pilon_pilon_2230",0,0,1.64486408351293,2.53081550425397,0,2.62673007810211,0,0,0,1.11645381230496,0.516148531667395,0.67359331525981,2.47727817412133,1.74689798439781,2.19668159538169,0,0,1.46983126765765
"metabat1.7.faa_contig436pilon_pilon_2232",0,1.64146402980544,1.14765426080542,0,0,0,0,0,0,0,1.19559746605447,1.4777407110858,0,0,0,0,0,0
"metabat1.7.faa_contig436pilon_pilon_2233",1.66568014541256,0,0.934818605712233,0,0,0,0,0,0,0,1.19559746605447,0,0,0,0,0,0,0
"metabat1.7.faa_contig436pilon_pilon_2235",0.785936028605364,2.26773977122091,1.33308998856978,0,0,0,0,0,0,0,1.840279242946,0.67359331525981,0,0,0,0,0,0
"metabat1.7.faa_contig436pilon_pilon_2236",1.29185180527056,0.88590938112637,1.77865745269737,0,0,0.897401199107369,0,0,0,0,1.65565457285634,1.4777407110858,1.09903579045027,0,0,0,0,0
"metabat1.7.faa_contig436pilon_pilon_2237",0,0.88590938112637,0,0,0,0,0,0,0,0,1.19559746605447,0,0,0,0,0,0,0
"metabat1.7.faa_contig436pilon_pilon_2238",0,1.18389527239187,0,0,0,0,0,0,0,1.11645381230496,1.19559746605447,0,0,0,0,0,0,0
"metabat1.7.faa_contig436pilon_pilon_2239",1.96230563626242,1.18389527239187,1.33308998856978,0,0,0,0,0,0,0,1.19559746605447,1.75709288071739,0,0,0,0,0,0
"metabat1.7.faa_contig436pilon_pilon_2240",1.29185180527056,0.88590938112637,1.14765426080542,0,0,0.897401199107369,0,0,0,0,2.28427424259072,0.67359331525981,0,0,0,0,0,0
"metabat1.7.faa_contig436pilon_pilon_2241",0,0.88590938112637,0.38281488519608,0,1.16619325035431,0,0,0,0,0,0.516148531667395,1.75709288071739,0,1.12312357938219,0,0,0,0
"metabat1.7.faa_contig436pilon_pilon_2243",1.66568014541256,1.18389527239187,1.77865745269737,0,0,0,0,0,0,0,0.516148531667395,0.67359331525981,0,0,0,0,0,0
"metabat1.7.faa_contig436pilon_pilon_2244",1.66568014541256,1.64146402980544,2.11859814958117,0,0,2.40967275086044,0,0,0,2.17133542639018,1.19559746605447,2.52615053480768,0,0,0,0,0,0
"metabat1.7.faa_contig436pilon_pilon_2245",0.785936028605364,1.18389527239187,1.33308998856978,1.1340537405337,1.16619325035431,2.81536084815067,0,0,0,0,1.65565457285634,1.99102887400464,1.09903579045027,1.74689798439781,1.1340537405337,0,0,0
"metabat1.7.faa_contig436pilon_pilon_2246",0,0.509913214608311,0.685058202165542,0,1.16619325035431,0,0,0,0,0,1.65565457285634,1.4777407110858,0,0,0,0,0,0
"metabat1.7.faa_contig436pilon_pilon_225",1.29185180527056,1.82529197697292,1.14765426080542,0,0,0,0,0,0,0,1.19559746605447,1.13098460611101,0,0,0,0,0,0
"metabat1.7.faa_contig436pilon_pilon_2253",2.20822168944952,0.509913214608311,1.64486408351293,0,0,0,0,0,0,0,0.89550771308478,1.4777407110858,0,0,0,0,0,0
"metabat1.7.faa_contig436pilon_pilon_2255",0,0,0.685058202165542,0,0,0.897401199107369,0,0,0,0,0.89550771308478,0,0,0,0,0,0,0
"metabat1.7.faa_contig436pilon_pilon_2256",0,1.64146402980544,0,0,0,0,0,0,0,0,1.65565457285634,0,0,0,0,0,0,0
"metabat1.7.faa_contig436pilon_pilon_2257",0.785936028605364,1.82529197697292,0.685058202165542,0,0,0,0,0,0,0,1.840279242946,1.4777407110858,0,0,0,0,0,0
"metabat1.7.faa_contig436pilon_pilon_2258",1.29185180527056,0.509913214608311,1.64486408351293,0,0,0,0,0,0,0,1.65565457285634,1.99102887400464,1.09903579045027,0,0,0,0,0
"metabat1.7.faa_contig436pilon_pilon_2259",2.20822168944952,2.87960148378125,3.29463827516837,0,1.16619325035431,0,0,0,0,0,2.62330189181478,3.0251155373296,1.71555497817818,0,1.1340537405337,0,1.96219704722974,0
"metabat1.7.faa_contig436pilon_pilon_226",0,1.43074458043053,0.685058202165542,0,0,0,0,0,0,0,0.516148531667395,1.13098460611101,0,0,0,0,0,0
"metabat1.7.faa_contig436pilon_pilon_2260",1.96230563626242,1.18389527239187,1.64486408351293,0,1.16619325035431,0.897401199107369,0,0,0,1.11645381230496,2.28427424259072,2.66797545578142,0,2.1809567813732,0,1.9614664838957,1.29176539221842,0
"metabat1.7.faa_contig436pilon_pilon_2262",1.29185180527056,0.509913214608311,0.685058202165542,0,0,0.897401199107369,0,0,0,0,0.89550771308478,0,0,0,0,0,0,0
"metabat1.7.faa_contig436pilon_pilon_2263",2.60157159760965,2.79400061842543,3.46311926836477,4.3302665366833,3.08153142491784,2.62673007810211,2.07197274134539,0,0,1.11645381230496,2.97858288508698,3.22196537340036,3.49557149056926,3.8032256547964,2.80193012411026,0,0,2.18262553826444
"metabat1.7.faa_contig436pilon_pilon_2264",0,2.50172189281124,2.30756971923906,0,0,0,0,0,0,1.73823503865256,2.97858288508698,1.99102887400464,0,0,0,0,0,0
"metabat1.7.faa_contig436pilon_pilon_2265",0.785936028605364,1.43074458043053,0,0,0,0,0,0,0,0,1.19559746605447,1.13098460611101,0,0,0,0,0,0
"metabat1.7.faa_contig436pilon_pilon_2266",2.20822168944952,2.26773977122091,3.38133682150871,0,1.16619325035431,3.39091296255041,0,0,0,1.11645381230496,2.15090332733127,3.47452603770725,1.09903579045027,1.12312357938219,3.82193485693565,0,0,0
"metabat1.7.faa_contig436pilon_pilon_2267",2.91032890151629,3.03692475438397,3.96221623028372,1.1340537405337,3.08153142491784,2.15407448615294,0,0,0,1.73823503865256,2.62330189181478,3.93366505780459,1.71555497817818,2.1809567813732,2.80193012411026,0,0,0
"metabat1.7.faa_contig436pilon_pilon_2268",0,0,1.14765426080542,0,0,0,0,0,0,0,0.516148531667395,0.67359331525981,0,0,0,0,0,0
"metabat1.7.faa_contig436pilon_pilon_227",0,1.43074458043053,0.685058202165542,0,0,0.897401199107369,0,0,0,0,1.44388713727703,0.67359331525981,1.09903579045027,0,0,0,0,0
"metabat1.7.faa_contig436pilon_pilon_2270",0,0.509913214608311,0.38281488519608,0,0,0,0,0,0,2.17133542639018,1.65565457285634,0,0,0,0,0,0,0
"metabat1.7.faa_contig436pilon_pilon_2271",0.785936028605364,1.98832176012744,1.90108923408269,1.1340537405337,0,0,0,0,0,1.73823503865256,0.89550771308478,1.99102887400464,0,0,1.1340537405337,1.29118405857877,0,0
"metabat1.7.faa_contig436pilon_pilon_2273",0,1.43074458043053,1.33308998856978,0,0,0,0,0,0,0,1.44388713727703,0,0,0,0,0,0,0
"metabat1.7.faa_contig436pilon_pilon_2277",1.96230563626242,0.88590938112637,0.934818605712233,0,0,0,0,0,0,0,0.89550771308478,0,0,0,0,0,0,0
"metabat1.7.faa_contig436pilon_pilon_228",0.785936028605364,1.43074458043053,0.934818605712233,0,0,0,0,0,0,0,0,1.13098460611101,0,0,0,0,0,0
"metabat1.7.faa_contig436pilon_pilon_2280",0,0.509913214608311,0.38281488519608,0,0,0,0,0,0,1.11645381230496,0.516148531667395,0.67359331525981,0,0,0,0,0,0
"metabat1.7.faa_contig436pilon_pilon_2281",1.29185180527056,1.18389527239187,1.90108923408269,0,0,0,0,0,0,0,1.44388713727703,1.4777407110858,0,0,0,0,0,0
"metabat1.7.faa_contig436pilon_pilon_2282",3.16451550209409,2.96040653444993,2.82327417442235,0,0,2.40967275086044,1.37979066905676,0,0,2.77413745748303,3.05523864457788,3.39515229077606,1.09903579045027,0,0,0,1.29176539221842,0
"metabat1.7.faa_contig436pilon_pilon_2283",0.785936028605364,0.88590938112637,1.77865745269737,0,0,1.44647599839007,0,0,0,0,0.516148531667395,1.4777407110858,1.09903579045027,0,0,0,0,0
"metabat1.7.faa_contig436pilon_pilon_2285",0,0.88590938112637,0.38281488519608,0,0,0,0,0,0,0,0.516148531667395,0,0,1.12312357938219,0,0,0,0
"metabat1.7.faa_contig436pilon_pilon_2286",0,1.43074458043053,2.11859814958117,0,0,0.897401199107369,0,0,0,0,1.19559746605447,2.19227141791183,0,0,0,0,0,0
"metabat1.7.faa_contig436pilon_pilon_2287",0,0.509913214608311,0,0,0,0,0,0,0,0,1.19559746605447,0.67359331525981,0,0,0,0,0,0
"metabat1.7.faa_contig436pilon_pilon_2288",0.785936028605364,1.18389527239187,0,0,0,0,0,0,0,0,0.516148531667395,0.67359331525981,1.09903579045027,1.12312357938219,0,0,1.29176539221842,0
"metabat1.7.faa_contig436pilon_pilon_2289",1.29185180527056,0.509913214608311,0.685058202165542,1.1340537405337,0,0.897401199107369,0,0,0,0,0.89550771308478,0.67359331525981,0,1.74689798439781,0,0,0,0
"metabat1.7.faa_contig436pilon_pilon_229",4.14215564005616,3.63773107560505,4.33232522976094,1.1340537405337,3.08153142491784,4.32045337574476,1.37979066905676,0,0,3.66463510246245,3.50120641098635,4.32490456016521,3.76163235739226,2.51417842914998,2.53081550425397,1.29118405857877,0,0
"metabat1.7.faa_contig436pilon_pilon_2290",1.96230563626242,2.26773977122091,2.69374376525252,1.7610687491275,2.24262160634391,2.15407448615294,0,0,0,1.73823503865256,2.00393517636671,2.91560668555758,2.14611569478379,1.74689798439781,2.19668159538169,0,0,0
"metabat1.7.faa_contig436pilon_pilon_2291",1.96230563626242,0.88590938112637,1.4973827041834,2.19668159538169,1.16619325035431,1.84322922738708,0,0,0,2.17133542639018,0.89550771308478,1.75709288071739,2.14611569478379,1.74689798439781,0,0,0,0
"metabat1.7.faa_contig436pilon_pilon_2292",0,0,0.38281488519608,2.19668159538169,0,0.897401199107369,0,0,0,0,0.516148531667395,0,1.71555497817818,1.74689798439781,0,0,0,0
"metabat1.7.faa_contig436pilon_pilon_2293",1.96230563626242,1.82529197697292,1.77865745269737,0,1.16619325035431,1.44647599839007,1.37979066905676,0,0,0,1.65565457285634,1.99102887400464,1.71555497817818,0,1.7610687491275,0,0,0
"metabat1.7.faa_contig436pilon_pilon_2294",3.04301307761808,2.70299855236506,2.11859814958117,1.1340537405337,1.16619325035431,0.897401199107369,0,3.13232256184094,0,0,2.00393517636671,2.36884809447434,2.47727817412133,1.74689798439781,0,0,2.41814240401883,2.65756795586743
"metabat1.7.faa_contig436pilon_pilon_2296",0.785936028605364,0.509913214608311,1.64486408351293,1.1340537405337,0,0.897401199107369,1.37979066905676,0,0,0,1.19559746605447,1.4777407110858,0,1.12312357938219,1.1340537405337,0,0,0
"metabat1.7.faa_contig436pilon_pilon_2297",0.785936028605364,0,0.934818605712233,0,0,0,0,0,0,0,0,0.67359331525981,0,0,0,0,0,0
"metabat1.7.faa_contig436pilon_pilon_2298",3.04301307761808,2.26773977122091,2.82327417442235,1.7610687491275,3.27936919850574,0.897401199107369,0,0,0,2.17133542639018,1.840279242946,2.66797545578142,1.09903579045027,1.74689798439781,1.1340537405337,0,0,0
"metabat1.7.faa_contig436pilon_pilon_2299",0,0.509913214608311,0,0,0,0.897401199107369,0,0,0,1.73823503865256,1.19559746605447,0.67359331525981,0,0,0,0,0,2.18262553826444
"metabat1.7.faa_contig436pilon_pilon_23",0,1.43074458043053,0.38281488519608,0,1.16619325035431,1.44647599839007,1.37979066905676,0,0,0,0.516148531667395,2.36884809447434,1.71555497817818,0,0,0,0,0
"metabat1.7.faa_contig436pilon_pilon_230",1.66568014541256,2.38946916323308,2.39351721646857,1.1340537405337,0,0,0,0,0,0,2.51890127711715,2.19227141791183,2.14611569478379,0,1.1340537405337,0,0,0
"metabat1.7.faa_contig436pilon_pilon_2300",0,1.43074458043053,1.14765426080542,0,0,0,0,0,0,0,1.19559746605447,0.67359331525981,2.47727817412133,0,0,0,0,0
"metabat1.7.faa_contig436pilon_pilon_2301",2.60157159760965,1.82529197697292,1.77865745269737,0,0,0.897401199107369,0,0,0,0,2.8976244326255,1.4777407110858,0,0,0,0,0,0
"metabat1.7.faa_contig436pilon_pilon_2302",0,1.18389527239187,1.90108923408269,0,0,0,0,0,0,0,1.840279242946,1.4777407110858,0,0,0,0,0,0
"metabat1.7.faa_contig436pilon_pilon_2303",0,2.38946916323308,1.64486408351293,0,0,0,0,0,0,0,0.516148531667395,1.4777407110858,1.71555497817818,0,0,0,0,0
"metabat1.7.faa_contig436pilon_pilon_2304",1.29185180527056,2.26773977122091,1.4973827041834,0,0,1.44647599839007,1.37979066905676,0,0,0,2.15090332733127,2.19227141791183,0,0,0,0,0,0
"metabat1.7.faa_contig436pilon_pilon_2305",1.96230563626242,1.82529197697292,3.29463827516837,1.1340537405337,1.16619325035431,0.897401199107369,0,0,0,1.11645381230496,2.81185139127062,3.93366505780459,0,0,2.53081550425397,1.29118405857877,0,0
"metabat1.7.faa_contig436pilon_pilon_2306",3.38055467503265,2.87960148378125,3.57770714640537,1.1340537405337,0,2.40967275086044,0,0,0,2.77413745748303,2.40635221835154,4.14250672960073,2.47727817412133,1.12312357938219,2.53081550425397,0,0,0
"metabat1.7.faa_contig436pilon_pilon_2307",2.60157159760965,1.64146402980544,2.94212696831667,1.1340537405337,0,2.40967275086044,0,0,0,0,0.89550771308478,1.75709288071739,2.14611569478379,2.1809567813732,1.1340537405337,0,0,0
"metabat1.7.faa_contig436pilon_pilon_2308",0,0.509913214608311,0,1.7610687491275,0,0,0,0,0,0,0.516148531667395,0,1.71555497817818,0,0,0,0,0
"metabat1.7.faa_contig436pilon_pilon_2309",1.29185180527056,0.509913214608311,1.4973827041834,1.7610687491275,0,0.897401199107369,0,0,0,0,0.89550771308478,2.19227141791183,0,0,0,0,0,0
"metabat1.7.faa_contig436pilon_pilon_231",0.785936028605364,2.26773977122091,1.77865745269737,2.19668159538169,1.16619325035431,0,0,0,0,0,2.15090332733127,1.4777407110858,2.47727817412133,0,2.19668159538169,0,0,0
"metabat1.7.faa_contig436pilon_pilon_2311",0.785936028605364,1.18389527239187,1.4973827041834,0,0,0,0,0,0,0,0,0,1.09903579045027,0,0,0,0,0
"metabat1.7.faa_contig436pilon_pilon_2313",0,0.509913214608311,2.01393892571283,0,0,0,0,0,0,0,0.89550771308478,1.13098460611101,0,0,0,0,0,0
"metabat1.7.faa_contig436pilon_pilon_2316",1.66568014541256,1.82529197697292,2.11859814958117,0,1.16619325035431,0,0,0,0,1.11645381230496,1.840279242946,1.13098460611101,0,0,0,0,0,0
"metabat1.7.faa_contig436pilon_pilon_2317",0.785936028605364,1.98832176012744,1.14765426080542,0,0,0.897401199107369,0,0,0,0,1.19559746605447,0,0,0,0,0,0,0
"metabat1.7.faa_contig436pilon_pilon_2318",0.785936028605364,0,1.14765426080542,0,0,0.897401199107369,0,0,0,1.11645381230496,0.89550771308478,1.13098460611101,1.09903579045027,0,0,0,0,0
"metabat1.7.faa_contig436pilon_pilon_2319",1.29185180527056,0.88590938112637,0.934818605712233,0,0,0,0,0,0,0,1.44388713727703,1.13098460611101,0,0,0,0,0,0
"metabat1.7.faa_contig436pilon_pilon_232",0,1.43074458043053,0.934818605712233,0,0,0.897401199107369,0,0,0,0,1.19559746605447,0.67359331525981,0,0,0,0,0,0
"metabat1.7.faa_contig436pilon_pilon_2320",0.785936028605364,1.64146402980544,0.685058202165542,0,0,0.897401199107369,0,0,0,1.73823503865256,1.65565457285634,0.67359331525981,0,0,0,0,0,0
"metabat1.7.faa_contig436pilon_pilon_2321",1.96230563626242,1.18389527239187,2.01393892571283,2.53081550425397,2.24262160634391,2.98215586941322,0,0,0,0,0.89550771308478,1.75709288071739,2.97318671073354,3.53650372487776,2.80193012411026,0,0,0
"metabat1.7.faa_contig436pilon_pilon_2322",3.04301307761808,3.36838000600178,3.87526440793723,5.3792519019474,4.88832017626677,4.65281984832744,0,2.50107543391484,0,3.00158663115357,3.60684935221352,3.39515229077606,5.04348511212367,5.0869984257079,4.04716258700846,2.41734347868894,3.47740823299386,2.18262553826444
"metabat1.7.faa_contig436pilon_pilon_2323",0,1.18389527239187,1.14765426080542,3.03006654447673,1.16619325035431,0.897401199107369,0,0,0,0,1.44388713727703,1.13098460611101,2.7464361614707,1.74689798439781,2.53081550425397,0,0,1.46983126765765
"metabat1.7.faa_contig436pilon_pilon_2324",1.29185180527056,1.43074458043053,0.38281488519608,0,0,0,0,0,0,0,1.19559746605447,0,0,1.12312357938219,0,0,0,0
"metabat1.7.faa_contig436pilon_pilon_2325",0.785936028605364,1.43074458043053,1.4973827041834,0,1.16619325035431,0.897401199107369,0,0,0,0,1.44388713727703,0,0,0,0,0,0,0
"metabat1.7.faa_contig436pilon_pilon_2326",0.785936028605364,1.43074458043053,2.47463106669557,0,1.16619325035431,0.897401199107369,0,0,0,0,1.44388713727703,0,1.71555497817818,0,1.7610687491275,0,0,0
"metabat1.7.faa_contig436pilon_pilon_2327",0,0.88590938112637,1.4973827041834,2.80193012411026,0,0.897401199107369,0,1.35258389846972,0,1.11645381230496,0.516148531667395,1.4777407110858,2.14611569478379,1.12312357938219,0,0,0,0
"metabat1.7.faa_contig436pilon_pilon_2328",1.29185180527056,0.88590938112637,0.38281488519608,0,0,1.44647599839007,0,0,0,0,1.840279242946,0.67359331525981,0,0,1.7610687491275,0,0,0
"metabat1.7.faa_contig436pilon_pilon_2329",1.29185180527056,1.18389527239187,1.14765426080542,0,0,0.897401199107369,0,0,0,0,0.516148531667395,0.67359331525981,1.71555497817818,0,0,0,0,0
"metabat1.7.faa_contig436pilon_pilon_233",1.96230563626242,1.82529197697292,2.39351721646857,0,1.16619325035431,0,0,0,0,0,1.840279242946,0.67359331525981,0,1.12312357938219,0,0,1.29176539221842,0
"metabat1.7.faa_contig436pilon_pilon_2331",0.785936028605364,1.64146402980544,0.38281488519608,0,0,0,0,0,0,1.11645381230496,0.89550771308478,0,0,0,0,0,0,0
"metabat1.7.faa_contig436pilon_pilon_2334",1.66568014541256,1.18389527239187,1.77865745269737,0,0,0,0,0,0,0,0,0.67359331525981,0,0,0,0,0,0
"metabat1.7.faa_contig436pilon_pilon_2335",0,1.18389527239187,0.38281488519608,0,0,0,0,0,0,0,1.44388713727703,1.13098460611101,0,0,1.1340537405337,0,0,0
"metabat1.7.faa_contig436pilon_pilon_2336",1.29185180527056,1.64146402980544,0.934818605712233,0,0,1.84322922738708,0,1.35258389846972,0,0,0,0,0,2.1809567813732,1.1340537405337,0,1.29176539221842,0
"metabat1.7.faa_contig436pilon_pilon_2337",1.29185180527056,1.82529197697292,2.69374376525252,1.1340537405337,0,0.897401199107369,0,0,0,2.50399368872529,2.62330189181478,2.52615053480768,0,2.78469305237248,0,0,0,0
"metabat1.7.faa_contig436pilon_pilon_2339",1.29185180527056,1.43074458043053,2.30756971923906,0,0,2.15407448615294,0,0,0,2.50399368872529,1.44388713727703,1.75709288071739,0,1.12312357938219,1.1340537405337,0,0,0
"metabat1.7.faa_contig436pilon_pilon_234",3.04301307761808,0.88590938112637,2.5514261270497,4.3302665366833,3.08153142491784,3.13165008026539,3.78852376581931,5.70796090618218,2.73291553002157,1.11645381230496,2.8976244326255,1.4777407110858,4.50463189329779,5.40041227227381,4.14783082567737,4.67829172310678,5.91598115610765,5.18578327917484
"metabat1.7.faa_contig436pilon_pilon_2341",1.29185180527056,0.509913214608311,0.685058202165542,0,1.80255518101465,0,0,0,0,0,0.516148531667395,1.13098460611101,0,0,0,0,0,0
"metabat1.7.faa_contig436pilon_pilon_2342",0,1.43074458043053,0.38281488519608,0,0,0,0,0,0,0,0.89550771308478,0,0,0,0,0,0,0
"metabat1.7.faa_contig436pilon_pilon_2343",0.785936028605364,1.43074458043053,1.77865745269737,0,0,0,0,0,0,0,1.65565457285634,0.67359331525981,0,0,0,0,0,0
"metabat1.7.faa_contig436pilon_pilon_2344",1.96230563626242,0.88590938112637,1.14765426080542,0,0,0,0,0,0,1.11645381230496,1.44388713727703,1.99102887400464,0,0,0,0,0,0
"metabat1.7.faa_contig436pilon_pilon_2345",1.66568014541256,1.64146402980544,1.33308998856978,0,0,1.44647599839007,0,0,0,0,1.65565457285634,0,0,0,0,0,0,0
"metabat1.7.faa_contig436pilon_pilon_2346",0,0,0.38281488519608,0,0,0,0,0,0,0,1.840279242946,0,0,1.12312357938219,0,0,0,0
"metabat1.7.faa_contig436pilon_pilon_2349",2.91032890151629,1.98832176012744,3.10384765804431,1.1340537405337,0,0.897401199107369,1.37979066905676,0,0,1.11645381230496,1.840279242946,2.66797545578142,0,0,0,0,0,0
"metabat1.7.faa_contig436pilon_pilon_235",7.09198949246642,5.30672786933374,5.91306333687355,3.22700466328771,3.27936919850574,3.39091296255041,4.33825846716906,4.69259759535899,4.56022035331196,4.29940155989236,7.28000483369551,5.73778379946594,2.7464361614707,0,4.04716258700846,2.76323162931689,5.27258836199975,3.92211787784474
"metabat1.7.faa_contig436pilon_pilon_2353",0,1.18389527239187,1.14765426080542,0,0,0,0,0,0,0,1.44388713727703,0,0,0,0,0,1.29176539221842,0
"metabat1.7.faa_contig436pilon_pilon_2355",0,0.509913214608311,1.14765426080542,0,0,0,0,0,0,0,2.15090332733127,1.13098460611101,0,0,0,0,0,0
"metabat1.7.faa_contig436pilon_pilon_2356",0.785936028605364,0.88590938112637,1.77865745269737,1.1340537405337,0,2.15407448615294,1.37979066905676,0,0,0,1.19559746605447,1.13098460611101,0,1.12312357938219,1.1340537405337,0,1.29176539221842,0
"metabat1.7.faa_contig436pilon_pilon_2357",2.76419434237269,1.64146402980544,2.75996219574681,0,0,1.84322922738708,1.37979066905676,0,0,1.11645381230496,1.840279242946,1.99102887400464,0,1.12312357938219,0,0,0,0
"metabat1.7.faa_contig436pilon_pilon_236",0.785936028605364,2.26773977122091,0.38281488519608,0,0,0,0,0,0,0,2.28427424259072,1.13098460611101,0,0,0,0,0,0
"metabat1.7.faa_contig436pilon_pilon_2364",0,0,0.38281488519608,0,0,0,0,0,0,0,1.19559746605447,1.13098460611101,0,0,0,0,0,0
"metabat1.7.faa_contig436pilon_pilon_2366",0,0.509913214608311,0,0,0,0.897401199107369,0,0,0,0,1.44388713727703,0,1.09903579045027,0,0,0,0,0
"metabat1.7.faa_contig436pilon_pilon_2367",0.785936028605364,0.88590938112637,1.64486408351293,0,0,0,0,0,0,0,1.65565457285634,2.19227141791183,0,0,0,0,0,0
"metabat1.7.faa_contig436pilon_pilon_2368",0.785936028605364,1.43074458043053,0,0,0,0,0,0,0,2.17133542639018,0.89550771308478,0,0,0,0,0,0,0
"metabat1.7.faa_contig436pilon_pilon_2369",0,1.18389527239187,0.685058202165542,0,0,0,0,0,0,0,0.89550771308478,0,0,0,0,0,0,0
"metabat1.7.faa_contig436pilon_pilon_237",0,0.509913214608311,0.934818605712233,0,0,0,0,0,0,0,0.516148531667395,1.13098460611101,0,0,0,0,0,0
"metabat1.7.faa_contig436pilon_pilon_2372",1.29185180527056,1.98832176012744,1.90108923408269,1.1340537405337,0,0,0,0,0,0,1.19559746605447,1.13098460611101,0,0,0,1.29118405857877,0,0
"metabat1.7.faa_contig436pilon_pilon_2373",1.29185180527056,0.88590938112637,0.38281488519608,0,0,0,0,0,0,0,0.516148531667395,1.13098460611101,0,0,0,0,0,0
"metabat1.7.faa_contig436pilon_pilon_2374",1.66568014541256,1.43074458043053,1.14765426080542,0,0,0,0,0,0,0,0.516148531667395,1.13098460611101,0,1.74689798439781,0,0,0,0
"metabat1.7.faa_contig436pilon_pilon_2375",2.60157159760965,2.50172189281124,2.69374376525252,0,0,0,0,0,0,0,2.28427424259072,2.19227141791183,2.47727817412133,0,0,1.29118405857877,0,0
"metabat1.7.faa_contig436pilon_pilon_2376",0,0.88590938112637,0,0,0,0.897401199107369,0,0,0,0,0.516148531667395,0.67359331525981,0,0,0,0,0,0
"metabat1.7.faa_contig436pilon_pilon_2377",1.29185180527056,0.509913214608311,0.38281488519608,0,0,0,0,0,0,0,1.44388713727703,0.67359331525981,0,0,0,0,0,0
"metabat1.7.faa_contig436pilon_pilon_2378",0,1.43074458043053,1.33308998856978,0,0,0.897401199107369,0,0,0,0,1.19559746605447,0,0,0,0,0,0,0
"metabat1.7.faa_contig436pilon_pilon_2379",0,1.18389527239187,0.685058202165542,0,0,0,0,0,0,0,0,0,0,0,1.1340537405337,0,0,0
"metabat1.7.faa_contig436pilon_pilon_238",1.66568014541256,0,0,0,0,0.897401199107369,1.37979066905676,0,0,0,0.516148531667395,1.4777407110858,0,0,0,0,0,0
"metabat1.7.faa_contig436pilon_pilon_2381",0,0.509913214608311,0.685058202165542,0,0,0,0,0,0,0,1.44388713727703,1.13098460611101,0,0,0,0,0,0
"metabat1.7.faa_contig436pilon_pilon_2384",0,0.509913214608311,0,0,0,0,0,0,0,0,1.44388713727703,0.67359331525981,0,0,0,0,0,0
"metabat1.7.faa_contig436pilon_pilon_2386",0.785936028605364,0,0.685058202165542,0,0,0,0,0,0,0,1.19559746605447,1.13098460611101,0,0,0,0,0,0
"metabat1.7.faa_contig436pilon_pilon_2387",0.785936028605364,0,0.38281488519608,1.1340537405337,0,2.62673007810211,1.37979066905676,0,0,0,0.516148531667395,0,0,1.12312357938219,2.19668159538169,0,0,0
"metabat1.7.faa_contig436pilon_pilon_2388",2.20822168944952,2.13478485261146,2.11859814958117,2.19668159538169,1.16619325035431,2.40967275086044,0,1.35258389846972,0,0,1.44388713727703,1.4777407110858,1.71555497817818,2.1809567813732,2.53081550425397,0,0,0
"metabat1.7.faa_contig436pilon_pilon_2389",1.66568014541256,0,2.11859814958117,0,0,0,0,0,0,0,1.19559746605447,1.4777407110858,0,0,0,0,0,0
"metabat1.7.faa_contig436pilon_pilon_239",0,0,0,2.19668159538169,2.85218620740818,1.44647599839007,0,0,0,1.11645381230496,0,0.67359331525981,0,1.12312357938219,1.7610687491275,0,1.29176539221842,0
"metabat1.7.faa_contig436pilon_pilon_2390",0.785936028605364,0.509913214608311,1.33308998856978,0,0,1.44647599839007,0,1.35258389846972,0,0,1.19559746605447,0,1.09903579045027,0,0,0,0,0
"metabat1.7.faa_contig436pilon_pilon_2391",0,0.88590938112637,0.685058202165542,0,0,0,0,0,0,0,1.44388713727703,1.13098460611101,0,0,0,0,0,0
"metabat1.7.faa_contig436pilon_pilon_2392",0,0.509913214608311,0.685058202165542,0,0,0,0,0,0,0,0.516148531667395,0.67359331525981,0,0,0,0,0,0
"metabat1.7.faa_contig436pilon_pilon_2394",1.29185180527056,1.18389527239187,0.685058202165542,0,1.16619325035431,0,0,0,0,1.11645381230496,0.89550771308478,0,0,0,0,1.29118405857877,0,0
"metabat1.7.faa_contig436pilon_pilon_2395",0,1.64146402980544,1.14765426080542,0,0,0,0,0,0,0,1.19559746605447,0.67359331525981,0,0,0,1.29118405857877,0,0
"metabat1.7.faa_contig436pilon_pilon_2396",0,0.88590938112637,0.685058202165542,0,0,1.44647599839007,0,0,0,1.11645381230496,0,0.67359331525981,1.09903579045027,0,0,0,0,0
"metabat1.7.faa_contig436pilon_pilon_2399",2.41826115096941,1.18389527239187,1.4973827041834,1.7610687491275,1.16619325035431,2.98215586941322,0,0,0,1.11645381230496,1.840279242946,1.99102887400464,3.16909176668987,2.78469305237248,0,0,0,1.46983126765765
"metabat1.7.faa_contig436pilon_pilon_24",0,1.18389527239187,0,0,0,0,0,0,0,0,0.516148531667395,0.67359331525981,0,0,0,0,0,1.46983126765765
"metabat1.7.faa_contig436pilon_pilon_240",5.71201668851328,5.63679632588605,6.48268818857331,3.82193485693565,2.57936124805689,6.93830657922892,1.37979066905676,1.35258389846972,2.73291553002157,4.91663646880357,5.44569656374613,6.69135291301057,5.31585249385289,3.67601979373609,4.63777904317892,1.29118405857877,1.29176539221842,0
"metabat1.7.faa_contig436pilon_pilon_2400",0,0,0.38281488519608,0,1.16619325035431,0,0,0,0,1.73823503865256,0,1.75709288071739,1.71555497817818,0,0,0,0,0
"metabat1.7.faa_contig436pilon_pilon_2401",2.41826115096941,2.50172189281124,2.5514261270497,1.7610687491275,0,1.84322922738708,0,0,0,0,2.15090332733127,2.36884809447434,1.09903579045027,0,1.1340537405337,0,0,0
"metabat1.7.faa_contig436pilon_pilon_2402",0,0,1.14765426080542,0,0,0.897401199107369,0,0,0,0,1.19559746605447,1.13098460611101,0,0,0,1.29118405857877,0,0
"metabat1.7.faa_contig436pilon_pilon_2403",0.785936028605364,0.88590938112637,1.33308998856978,0,0,0,0,0,0,0,1.840279242946,0.67359331525981,0,0,0,1.29118405857877,1.29176539221842,0
"metabat1.7.faa_contig436pilon_pilon_2404",0,1.18389527239187,1.64486408351293,0,1.16619325035431,0,0,0,0,0,0.89550771308478,2.36884809447434,0,1.12312357938219,0,0,0,0
"metabat1.7.faa_contig436pilon_pilon_2406",1.29185180527056,1.18389527239187,0.685058202165542,0,0,0,0,0,0,0,0.516148531667395,1.4777407110858,0,0,0,0,0,0
"metabat1.7.faa_contig436pilon_pilon_241",1.66568014541256,1.18389527239187,1.33308998856978,0,0,0,0,0,0,0,1.19559746605447,0.67359331525981,0,0,0,0,0,0
"metabat1.7.faa_contig436pilon_pilon_2410",1.29185180527056,1.64146402980544,2.39351721646857,0,0,0,0,0,0,0,2.15090332733127,0,1.09903579045027,0,0,0,0,1.46983126765765
"metabat1.7.faa_contig436pilon_pilon_2411",0,1.82529197697292,1.33308998856978,1.7610687491275,0,0,0,0,0,1.11645381230496,0.89550771308478,1.13098460611101,0,0,0,0,0,0
"metabat1.7.faa_contig436pilon_pilon_2412",4.6793765910378,4.06062570986755,4.1713246637757,2.19668159538169,1.16619325035431,3.50493696460009,4.21919695263099,4.93168904505835,3.82564465733159,6.00178483741374,3.75208855671613,4.79581033745587,5.04348511212367,3.20902661097063,4.14783082567737,4.83281293907009,4.97332505037725,4.47500311444711
"metabat1.7.faa_contig436pilon_pilon_2413",0,1.64146402980544,0.685058202165542,0,0,0,0,0,0,0,0.89550771308478,0,0,0,0,0,0,0
"metabat1.7.faa_contig436pilon_pilon_2414",0,0.509913214608311,0,1.1340537405337,0,0,0,0,0,0,1.44388713727703,0,0,0,0,0,0,0
"metabat1.7.faa_contig436pilon_pilon_2416",1.29185180527056,1.98832176012744,1.14765426080542,0,0,1.44647599839007,0,0,0,0,2.15090332733127,0,0,0,1.7610687491275,0,0,0
"metabat1.7.faa_contig436pilon_pilon_2417",0,0.88590938112637,1.90108923408269,0,0,1.84322922738708,0,0,0,1.11645381230496,1.44388713727703,1.75709288071739,1.09903579045027,0,0,0,0,0
"metabat1.7.faa_contig436pilon_pilon_242",0,1.18389527239187,1.33308998856978,0,1.16619325035431,1.44647599839007,0,0,0,2.17133542639018,1.44388713727703,1.4777407110858,1.71555497817818,0,0,0,0,0
"metabat1.7.faa_contig436pilon_pilon_2420",1.29185180527056,0.88590938112637,0.934818605712233,0,0,0,0,0,0,0,0.516148531667395,1.13098460611101,0,0,0,0,0,0
"metabat1.7.faa_contig436pilon_pilon_2421",1.66568014541256,2.26773977122091,1.90108923408269,0,0,0.897401199107369,0,0,0,0,2.00393517636671,1.13098460611101,0,1.12312357938219,0,0,0,0
"metabat1.7.faa_contig436pilon_pilon_2422",0,0.88590938112637,0.685058202165542,0,0,0.897401199107369,0,0,0,1.11645381230496,1.65565457285634,0,0,0,1.7610687491275,0,0,0
"metabat1.7.faa_contig436pilon_pilon_2423",0,0.88590938112637,0.38281488519608,0,0,0,0,0,0,0,1.19559746605447,0,0,0,0,0,0,0
"metabat1.7.faa_contig436pilon_pilon_2425",0.785936028605364,0,0.685058202165542,0,0,1.44647599839007,0,0,1.52740029239538,1.11645381230496,0.516148531667395,1.13098460611101,0,0,0,0,0,0
"metabat1.7.faa_contig436pilon_pilon_2427",0,1.64146402980544,0.685058202165542,0,1.80255518101465,0,0,0,0,0,0.89550771308478,1.75709288071739,0,0,0,0,0,0
"metabat1.7.faa_contig436pilon_pilon_2428",0,1.64146402980544,1.90108923408269,0,0,1.44647599839007,0,0,0,0,0.516148531667395,1.13098460611101,0,0,0,0,1.29176539221842,0
"metabat1.7.faa_contig436pilon_pilon_2429",1.66568014541256,1.18389527239187,2.01393892571283,0,0,0,0,0,0,0,1.19559746605447,1.13098460611101,0,0,0,0,1.29176539221842,0
"metabat1.7.faa_contig436pilon_pilon_243",0,0.509913214608311,1.33308998856978,0,0,1.44647599839007,0,0,0,0,0.89550771308478,0,0,1.12312357938219,1.1340537405337,0,1.29176539221842,0
"metabat1.7.faa_contig436pilon_pilon_2431",0.785936028605364,1.43074458043053,1.4973827041834,0,0,0,0,0,0,1.11645381230496,1.44388713727703,1.75709288071739,0,0,0,0,0,0
"metabat1.7.faa_contig436pilon_pilon_2432",1.96230563626242,1.64146402980544,0.38281488519608,0,0,0,0,0,0,0,0.516148531667395,0,0,0,0,0,0,0
"metabat1.7.faa_contig436pilon_pilon_2433",0.785936028605364,1.18389527239187,0.38281488519608,0,0,0,0,0,0,0,0,0,0,0,0,0,0,0
"metabat1.7.faa_contig436pilon_pilon_2434",0.785936028605364,0,0.685058202165542,1.1340537405337,0,1.44647599839007,0,0,0,0,0.89550771308478,0,0,0,0,0,0,0
"metabat1.7.faa_contig436pilon_pilon_2435",1.29185180527056,1.18389527239187,0,1.1340537405337,0,0,0,1.35258389846972,0,0,1.19559746605447,0,0,0,1.1340537405337,0,0,0
"metabat1.7.faa_contig436pilon_pilon_2437",0,0.509913214608311,0,0,0,0,0,0,0,0,1.44388713727703,0,0,0,1.1340537405337,0,0,0
"metabat1.7.faa_contig436pilon_pilon_2438",0,0.509913214608311,1.77865745269737,1.7610687491275,0,2.15407448615294,0,0,0,0,1.19559746605447,1.13098460611101,0,0,0,0,0,0
"metabat1.7.faa_contig436pilon_pilon_2439",0.785936028605364,1.43074458043053,1.90108923408269,1.7610687491275,1.16619325035431,1.44647599839007,0,0,0,1.11645381230496,0,1.75709288071739,0,0,2.19668159538169,0,0,0
"metabat1.7.faa_contig436pilon_pilon_244",0.785936028605364,0.88590938112637,0.38281488519608,0,0,0,0,0,0,0,0.89550771308478,0,0,0,1.1340537405337,0,0,0
"metabat1.7.faa_contig436pilon_pilon_2440",2.20822168944952,2.26773977122091,2.99807247709387,0,1.16619325035431,2.98215586941322,0,0,0,1.73823503865256,2.40635221835154,2.91560668555758,1.09903579045027,0,0,0,0,0
"metabat1.7.faa_contig436pilon_pilon_2441",0,1.82529197697292,0.934818605712233,0,0,0,0,0,0,1.11645381230496,0,0.67359331525981,0,0,0,0,0,0
"metabat1.7.faa_contig436pilon_pilon_2442",0.785936028605364,0.88590938112637,0.934818605712233,0,0,0,0,0,0,0,0.89550771308478,0.67359331525981,0,0,0,0,0,0
"metabat1.7.faa_contig436pilon_pilon_2443",0,1.64146402980544,0.685058202165542,0,0,0.897401199107369,0,0,0,0,0.516148531667395,0.67359331525981,0,0,0,0,0,0
"metabat1.7.faa_contig436pilon_pilon_2445",0,0.88590938112637,0.38281488519608,1.7610687491275,0,0,0,0,0,0,1.65565457285634,0.67359331525981,0,0,2.53081550425397,0,0,0
"metabat1.7.faa_contig436pilon_pilon_2446",0.785936028605364,0.88590938112637,0.38281488519608,0,0,0,0,0,0,0,0.516148531667395,0,0,0,0,0,0,0
"metabat1.7.faa_contig436pilon_pilon_2447",2.20822168944952,1.43074458043053,2.21617578280615,0,0,0.897401199107369,0,0,0,0,2.00393517636671,2.66797545578142,1.09903579045027,2.1809567813732,0,0,0,0
"metabat1.7.faa_contig436pilon_pilon_2448",1.66568014541256,1.64146402980544,0.934818605712233,0,0,0,0,0,0,1.11645381230496,0,0.67359331525981,0,0,0,0,0,0
"metabat1.7.faa_contig436pilon_pilon_2449",0,0.88590938112637,0.685058202165542,0,0,0.897401199107369,0,0,0,0,0,0,0,0,0,0,0,0
"metabat1.7.faa_contig436pilon_pilon_245",0,0.509913214608311,1.14765426080542,0,0,0,0,0,0,0,0.516148531667395,0,0,0,0,0,0,0
"metabat1.7.faa_contig436pilon_pilon_2450",0,0,1.14765426080542,0,1.80255518101465,1.44647599839007,0,0,0,0,0.516148531667395,1.13098460611101,1.09903579045027,0,1.1340537405337,1.29118405857877,0,0
"metabat1.7.faa_contig436pilon_pilon_2451",1.29185180527056,2.60586750229792,1.14765426080542,0,0,0,0,0,0,1.11645381230496,1.65565457285634,2.36884809447434,0,0,0,0,0,0
"metabat1.7.faa_contig436pilon_pilon_2453",1.29185180527056,1.18389527239187,1.4973827041834,0,1.16619325035431,0,0,0,0,0,1.19559746605447,0,0,0,0,1.29118405857877,0,0
"metabat1.7.faa_contig436pilon_pilon_2455",2.20822168944952,1.98832176012744,1.33308998856978,0,0,0,0,0,0,1.11645381230496,0,1.4777407110858,0,0,0,0,0,0
"metabat1.7.faa_contig436pilon_pilon_2456",2.41826115096941,2.26773977122091,2.21617578280615,0,0,0,0,0,0,1.11645381230496,1.840279242946,3.0251155373296,0,0,1.1340537405337,0,1.29176539221842,0
"metabat1.7.faa_contig436pilon_pilon_2457",1.29185180527056,0.88590938112637,1.33308998856978,0,0,0,0,0,0,0,2.00393517636671,1.13098460611101,0,0,0,1.29118405857877,0,0
"metabat1.7.faa_contig436pilon_pilon_2458",0.785936028605364,0,0.38281488519608,0,0,1.84322922738708,0,0,0,0,0.516148531667395,0.67359331525981,0,0,2.53081550425397,0,0,0
"metabat1.7.faa_contig436pilon_pilon_2459",1.29185180527056,0,1.64486408351293,0,1.16619325035431,1.44647599839007,1.37979066905676,0,1.52740029239538,1.11645381230496,0.516148531667395,1.13098460611101,0,0,0,0,0,0
"metabat1.7.faa_contig436pilon_pilon_246",0,0,1.4973827041834,0,0,0,0,0,0,0,0,1.4777407110858,0,0,0,0,0,0
"metabat1.7.faa_contig436pilon_pilon_2460",0,0.509913214608311,0.38281488519608,0,0,1.44647599839007,0,0,0,0,0,1.4777407110858,1.09903579045027,0,0,0,0,0
"metabat1.7.faa_contig436pilon_pilon_2462",0.785936028605364,0.509913214608311,0.38281488519608,0,0,1.44647599839007,0,0,0,0,0.89550771308478,0,0,0,0,0,0,0
"metabat1.7.faa_contig436pilon_pilon_2463",0,1.18389527239187,2.82327417442235,0,0,0.897401199107369,0,0,0,0,1.65565457285634,1.99102887400464,0,0,0,0,0,0
"metabat1.7.faa_contig436pilon_pilon_2464",0,1.98832176012744,1.33308998856978,0,0,0,2.07197274134539,0,0,0,0.89550771308478,0.67359331525981,0,0,0,0,0,0
"metabat1.7.faa_contig436pilon_pilon_2465",1.96230563626242,0.88590938112637,1.64486408351293,1.1340537405337,1.80255518101465,2.15407448615294,0,0,0,0,0.516148531667395,0,1.71555497817818,1.74689798439781,1.1340537405337,0,0,0
"metabat1.7.faa_contig436pilon_pilon_2466",0,0.88590938112637,0.934818605712233,1.1340537405337,0,0,0,0,0,0,0,1.13098460611101,0,0,0,0,0,0
"metabat1.7.faa_contig436pilon_pilon_2467",0,0.88590938112637,1.90108923408269,0,0,0,0,0,0,1.11645381230496,0.89550771308478,0,0,0,0,0,0,0
"metabat1.7.faa_contig436pilon_pilon_2468",1.66568014541256,1.43074458043053,2.82327417442235,0,2.85218620740818,0.897401199107369,0,0,0,1.11645381230496,1.19559746605447,3.12689527349591,1.71555497817818,0,1.1340537405337,0,0,0
"metabat1.7.faa_contig436pilon_pilon_2469",0,0,0.685058202165542,0,0,0,0,0,0,0,0.516148531667395,0,1.09903579045027,1.12312357938219,0,0,0,0
"metabat1.7.faa_contig436pilon_pilon_247",0,1.43074458043053,0.38281488519608,0,0,0,0,0,0,0,0.89550771308478,0.67359331525981,1.71555497817818,0,0,0,0,0
"metabat1.7.faa_contig436pilon_pilon_2477",1.29185180527056,1.64146402980544,0.685058202165542,0,0,0,0,0,0,2.17133542639018,2.51890127711715,1.13098460611101,0,0,0,0,0,0
"metabat1.7.faa_contig436pilon_pilon_248",3.04301307761808,3.4264236826763,3.57770714640537,1.7610687491275,0,2.15407448615294,0,0,0,1.11645381230496,2.72065470380689,3.31115602998447,1.09903579045027,1.12312357938219,1.1340537405337,0,2.41814240401883,0
"metabat1.7.faa_contig436pilon_pilon_2480",1.29185180527056,0.509913214608311,0.934818605712233,0,0,0,0,0,0,0,1.44388713727703,0.67359331525981,0,0,0,1.29118405857877,0,1.46983126765765
"metabat1.7.faa_contig436pilon_pilon_2481",0,1.43074458043053,1.33308998856978,0,0,1.44647599839007,0,0,0,0,0.89550771308478,0.67359331525981,0,1.12312357938219,0,0,1.29176539221842,0
"metabat1.7.faa_contig436pilon_pilon_2482",0,1.18389527239187,1.14765426080542,0,0,0,0,0,1.52740029239538,0,1.840279242946,0,0,0,0,1.9614664838957,0,0
"metabat1.7.faa_contig436pilon_pilon_2483",0.785936028605364,0.509913214608311,0,0,0,0,0,0,0,1.11645381230496,1.19559746605447,0,0,0,0,0,0,0
"metabat1.7.faa_contig436pilon_pilon_2484",0.785936028605364,0,0.38281488519608,0,0,0,0,0,0,0,0.89550771308478,0.67359331525981,0,0,0,0,0,0
"metabat1.7.faa_contig436pilon_pilon_2486",0.785936028605364,1.43074458043053,1.14765426080542,0,0,0,0,0,0,0,2.15090332733127,0,0,1.12312357938219,0,0,0,0
"metabat1.7.faa_contig436pilon_pilon_2489",0,0,0,0,0,0,0,0,0,0,0.516148531667395,1.75709288071739,0,0,0,1.29118405857877,0,0
"metabat1.7.faa_contig436pilon_pilon_2491",0,0.88590938112637,1.64486408351293,0,0,0,0,0,0,0,0.516148531667395,1.13098460611101,0,0,0,0,0,0
"metabat1.7.faa_contig436pilon_pilon_2492",0,0.509913214608311,0,0,0,1.84322922738708,0,0,0,0,1.44388713727703,0.67359331525981,1.09903579045027,0,0,0,0,0
"metabat1.7.faa_contig436pilon_pilon_2494",0,0,0.934818605712233,0,0,0,0,0,0,1.11645381230496,0,1.13098460611101,0,0,0,0,0,0
"metabat1.7.faa_contig436pilon_pilon_2496",1.66568014541256,2.13478485261146,1.77865745269737,0,0,0,0,0,0,0,2.15090332733127,1.13098460611101,0,0,0,0,0,0
"metabat1.7.faa_contig436pilon_pilon_2497",1.29185180527056,0,0.685058202165542,0,0,0,0,1.35258389846972,0,0,0,1.13098460611101,0,1.12312357938219,0,0,1.29176539221842,0
"metabat1.7.faa_contig436pilon_pilon_2498",0,1.18389527239187,0.934818605712233,0,0,0,0,0,0,0,0.89550771308478,0,0,0,0,0,1.29176539221842,0
"metabat1.7.faa_contig436pilon_pilon_25",0,0,0,0,0,0.897401199107369,0,0,0,0,1.19559746605447,0,0,1.12312357938219,0,0,0,0
"metabat1.7.faa_contig436pilon_pilon_250",1.29185180527056,0.88590938112637,0.934818605712233,2.53081550425397,1.80255518101465,1.84322922738708,0,0,0,1.11645381230496,0.516148531667395,0,1.09903579045027,1.74689798439781,1.7610687491275,0,0,0
"metabat1.7.faa_contig436pilon_pilon_2500",3.38055467503265,3.68605302198994,4.62660891085331,2.80193012411026,1.80255518101465,2.40967275086044,0,2.0382190429837,0,4.01665140429835,2.97858288508698,4.23658626360847,0,3.20902661097063,2.53081550425397,0,0,0
"metabat1.7.faa_contig436pilon_pilon_2502",0,1.98832176012744,2.21617578280615,0,0,0,0,0,0,0,2.00393517636671,1.75709288071739,0,1.12312357938219,0,0,0,0
"metabat1.7.faa_contig436pilon_pilon_2504",0,1.64146402980544,0,1.1340537405337,0,0,0,0,0,0,0,0,0,0,0,0,0,0
"metabat1.7.faa_contig436pilon_pilon_2507",0,1.18389527239187,1.64486408351293,0,0,0,0,0,0,0,2.40635221835154,2.19227141791183,0,0,0,0,0,0
"metabat1.7.faa_contig436pilon_pilon_2508",1.96230563626242,1.82529197697292,1.4973827041834,0,0,0,0,0,0,1.11645381230496,1.65565457285634,1.13098460611101,1.09903579045027,0,0,0,0,0
"metabat1.7.faa_contig436pilon_pilon_251",1.66568014541256,0.88590938112637,0.934818605712233,1.1340537405337,2.24262160634391,2.15407448615294,0,0,0,0,0.516148531667395,1.4777407110858,0,1.12312357938219,0,0,1.96219704722974,0
"metabat1.7.faa_contig436pilon_pilon_2510",0,2.13478485261146,1.77865745269737,0,0,0.897401199107369,0,0,0,0,2.40635221835154,0,0,1.12312357938219,0,0,0,0
"metabat1.7.faa_contig436pilon_pilon_2511",1.29185180527056,1.18389527239187,1.90108923408269,0,0,0,0,0,0,1.73823503865256,0.89550771308478,0.67359331525981,0,0,0,0,0,0
"metabat1.7.faa_contig436pilon_pilon_2512",2.76419434237269,2.26773977122091,2.47463106669557,0,0,0,0,0,0,0,1.19559746605447,2.19227141791183,0,0,1.1340537405337,0,0,0
"metabat1.7.faa_contig436pilon_pilon_2514",0.785936028605364,0.88590938112637,0.685058202165542,0,0,0,0,0,0,0,0,0,0,0,0,0,0,0
"metabat1.7.faa_contig436pilon_pilon_2515",0,0.509913214608311,0.934818605712233,0,0,0,0,0,0,0,0.516148531667395,0,0,0,0,0,0,0
"metabat1.7.faa_contig436pilon_pilon_2516",1.29185180527056,0.88590938112637,0.38281488519608,0,0,0.897401199107369,0,0,0,1.11645381230496,0,1.13098460611101,0,0,0,0,0,0
"metabat1.7.faa_contig436pilon_pilon_2517",0.785936028605364,0.88590938112637,0.685058202165542,0,0,1.44647599839007,0,0,0,0,0.516148531667395,1.4777407110858,0,0,0,0,1.29176539221842,0
"metabat1.7.faa_contig436pilon_pilon_2518",0,0.88590938112637,0,0,0,0,0,0,0,1.11645381230496,0.89550771308478,1.13098460611101,0,0,0,0,0,0
"metabat1.7.faa_contig436pilon_pilon_252",1.66568014541256,0.509913214608311,0.934818605712233,0,2.57936124805689,2.40967275086044,0,0,1.52740029239538,1.73823503865256,0.516148531667395,0.67359331525981,1.71555497817818,1.74689798439781,1.7610687491275,0,0,0
"metabat1.7.faa_contig436pilon_pilon_2520",1.96230563626242,1.43074458043053,1.64486408351293,0,0,0,0,0,0,0,1.65565457285634,1.13098460611101,0,0,0,0,0,0
"metabat1.7.faa_contig436pilon_pilon_2522",0,0.509913214608311,0.38281488519608,0,0,0.897401199107369,0,0,0,0,0.516148531667395,1.13098460611101,0,0,0,0,0,0
"metabat1.7.faa_contig436pilon_pilon_2525",0,1.82529197697292,0.38281488519608,0,1.16619325035431,0,0,0,0,0,0.516148531667395,0,0,1.12312357938219,0,0,0,0
"metabat1.7.faa_contig436pilon_pilon_2529",0,0,1.33308998856978,0,0,0,0,0,0,0,1.65565457285634,0,0,0,1.1340537405337,0,1.29176539221842,0
"metabat1.7.faa_contig436pilon_pilon_253",1.29185180527056,0.509913214608311,2.01393892571283,0,0,0,0,0,0,2.50399368872529,1.19559746605447,1.13098460611101,0,0,0,0,0,0
"metabat1.7.faa_contig436pilon_pilon_2530",1.96230563626242,2.38946916323308,1.90108923408269,0,1.16619325035431,0.897401199107369,0,0,0,1.11645381230496,1.840279242946,1.13098460611101,0,0,0,0,0,0
"metabat1.7.faa_contig436pilon_pilon_2531",0.785936028605364,2.13478485261146,0.934818605712233,0,0,0,0,0,0,0,1.44388713727703,0.67359331525981,0,0,0,1.29118405857877,0,0
"metabat1.7.faa_contig436pilon_pilon_2532",0.785936028605364,0,1.64486408351293,2.80193012411026,0,2.98215586941322,1.37979066905676,0,0,0,0.516148531667395,0.67359331525981,1.71555497817818,1.12312357938219,0,0,0,0
"metabat1.7.faa_contig436pilon_pilon_2533",0,0,0.38281488519608,0,0,0,0,0,0,0,1.44388713727703,0,0,0,0,0,0,0
"metabat1.7.faa_contig436pilon_pilon_2535",6.66768322777658,5.56108579697722,6.59125145963664,0,0,0,1.37979066905676,2.0382190429837,0,5.71143677370271,9.66497915988053,6.28096116445351,0,0,1.7610687491275,1.9614664838957,1.29176539221842,0
"metabat1.7.faa_contig436pilon_pilon_2539",0.785936028605364,0,0.685058202165542,0,0,0.897401199107369,0,0,0,0,0,0.67359331525981,0,0,0,0,0,0
"metabat1.7.faa_contig436pilon_pilon_254",0,0.88590938112637,0.934818605712233,0,1.16619325035431,4.8811433219834,2.07197274134539,0,0,1.73823503865256,1.44388713727703,0.67359331525981,4.50463189329779,3.01240483997652,3.03006654447673,0,0,1.46983126765765
"metabat1.7.faa_contig436pilon_pilon_2540",0,1.18389527239187,1.33308998856978,0,0,0,0,0,0,0,0.516148531667395,1.13098460611101,0,0,0,0,0,0
"metabat1.7.faa_contig436pilon_pilon_2542",0.785936028605364,1.98832176012744,0.934818605712233,0,0,0.897401199107369,0,0,0,0,0,0.67359331525981,0,0,0,0,0,0
"metabat1.7.faa_contig436pilon_pilon_2544",0,0.88590938112637,1.33308998856978,0,0,0,0,0,0,0,0,0.67359331525981,0,0,0,0,0,0
"metabat1.7.faa_contig436pilon_pilon_2545",0,1.18389527239187,0.685058202165542,0,0,0,0,0,0,0,1.44388713727703,2.19227141791183,1.71555497817818,0,0,0,0,0
"metabat1.7.faa_contig436pilon_pilon_2546",0,2.13478485261146,1.33308998856978,0,0,0.897401199107369,0,0,0,1.11645381230496,1.44388713727703,0.67359331525981,1.09903579045027,0,0,0,0,0
"metabat1.7.faa_contig436pilon_pilon_2549",0.785936028605364,2.13478485261146,1.64486408351293,0,0,0,0,0,0,0,1.19559746605447,0.67359331525981,0,0,0,0,0,0
"metabat1.7.faa_contig436pilon_pilon_2550",0,0.509913214608311,0.38281488519608,0,0,0,0,1.35258389846972,0,1.73823503865256,2.28427424259072,0,0,0,0,0,0,0
"metabat1.7.faa_contig436pilon_pilon_2551",1.29185180527056,1.43074458043053,0.38281488519608,0,0,1.44647599839007,0,0,0,1.73823503865256,0.89550771308478,1.13098460611101,0,0,1.7610687491275,0,0,0
"metabat1.7.faa_contig436pilon_pilon_2553",0,0.88590938112637,1.77865745269737,0,0,1.84322922738708,0,0,0,0,1.65565457285634,0,0,0,0,0,0,0
"metabat1.7.faa_contig436pilon_pilon_2554",0,0,1.14765426080542,0,0,0,0,0,0,0,0.89550771308478,0,0,0,0,0,0,0
"metabat1.7.faa_contig436pilon_pilon_2555",1.29185180527056,1.18389527239187,0,0,0,0.897401199107369,0,0,0,0,0,1.13098460611101,1.71555497817818,0,0,0,0,0
"metabat1.7.faa_contig436pilon_pilon_2556",4.20014768602541,4.0968228553238,5.30718056628776,0,1.16619325035431,2.15407448615294,0,0,0,3.66463510246245,4.11644995237369,5.91896049404169,1.71555497817818,2.1809567813732,1.1340537405337,0,1.29176539221842,0
"metabat1.7.faa_contig436pilon_pilon_2557",2.20822168944952,2.60586750229792,3.46311926836477,0,0,0.897401199107369,0,0,0,2.17133542639018,2.28427424259072,2.91560668555758,1.09903579045027,0,0,0,1.29176539221842,0
"metabat1.7.faa_contig436pilon_pilon_2558",1.66568014541256,1.43074458043053,2.30756971923906,0,1.80255518101465,0,0,0,1.52740029239538,1.73823503865256,0,2.36884809447434,0,0,0,0,0,0
"metabat1.7.faa_contig436pilon_pilon_256",1.96230563626242,2.13478485261146,2.5514261270497,0,0,0,0,0,0,1.11645381230496,2.72065470380689,3.12689527349591,0,0,0,0,1.29176539221842,0
"metabat1.7.faa_contig436pilon_pilon_2562",0,0.88590938112637,0.934818605712233,0,0,0,0,0,0,0,0.516148531667395,1.13098460611101,0,0,0,0,0,0
"metabat1.7.faa_contig436pilon_pilon_2563",1.29185180527056,1.64146402980544,0.934818605712233,0,1.16619325035431,0,1.37979066905676,0,0,0,0.89550771308478,0.67359331525981,0,1.12312357938219,3.03006654447673,0,0,0
"metabat1.7.faa_contig436pilon_pilon_2564",0,1.18389527239187,1.4973827041834,0,0,0,0,0,0,0,1.44388713727703,0,0,0,0,0,0,0
"metabat1.7.faa_contig436pilon_pilon_2566",3.65390498999262,2.96040653444993,3.54051334423247,1.7610687491275,1.80255518101465,3.50493696460009,1.37979066905676,0,0,3.19801267565096,3.55499464329856,3.75444463520928,1.71555497817818,2.51417842914998,1.7610687491275,0,1.29176539221842,0
"metabat1.7.faa_contig436pilon_pilon_2567",1.29185180527056,0.88590938112637,1.90108923408269,0,0,2.98215586941322,0,0,0,0,0.89550771308478,1.4777407110858,0,1.12312357938219,1.7610687491275,0,0,0
"metabat1.7.faa_contig436pilon_pilon_2568",1.29185180527056,1.64146402980544,1.33308998856978,0,0,0,0,0,0,0,1.65565457285634,0.67359331525981,0,0,0,0,0,0
"metabat1.7.faa_contig436pilon_pilon_257",0,1.64146402980544,1.33308998856978,0,1.16619325035431,0,0,0,0,1.73823503865256,0.89550771308478,2.91560668555758,0,0,0,0,0,0
"metabat1.7.faa_contig436pilon_pilon_2570",0,0.509913214608311,1.64486408351293,0,0,0,0,0,0,0,1.840279242946,0,0,0,0,0,0,0
"metabat1.7.faa_contig436pilon_pilon_2571",0.785936028605364,2.38946916323308,0.38281488519608,0,1.16619325035431,0.897401199107369,1.37979066905676,2.85095210606296,0,0,3.32664902010796,1.4777407110858,1.09903579045027,1.12312357938219,0,0,4.50615247664964,1.46983126765765
"metabat1.7.faa_contig436pilon_pilon_2572",3.38055467503265,2.60586750229792,2.62433913730106,0,0,1.44647599839007,2.07197274134539,2.0382190429837,1.52740029239538,3.52521753160707,2.00393517636671,2.91560668555758,2.14611569478379,1.12312357938219,1.1340537405337,0,0,2.18262553826444
"metabat1.7.faa_contig436pilon_pilon_2573",0,0.88590938112637,0.38281488519608,0,0,0.897401199107369,2.07197274134539,1.35258389846972,0,1.11645381230496,1.19559746605447,1.13098460611101,0,0,0,0,0,0
"metabat1.7.faa_contig436pilon_pilon_2574",0,0.509913214608311,0.685058202165542,0,0,0,0,0,0,0,0.89550771308478,0,0,0,0,0,0,0
"metabat1.7.faa_contig436pilon_pilon_2576",0.785936028605364,0,0.934818605712233,0,0,0,0,0,0,0,0.516148531667395,1.13098460611101,1.71555497817818,0,0,0,0,0
"metabat1.7.faa_contig436pilon_pilon_2577",0.785936028605364,1.98832176012744,1.90108923408269,0,0,0,0,0,0,0,1.19559746605447,1.13098460611101,0,0,0,0,0,0
"metabat1.7.faa_contig436pilon_pilon_2578",0.785936028605364,2.60586750229792,1.77865745269737,0,0,0,0,0,0,0,2.51890127711715,1.13098460611101,0,0,0,0,0,0
"metabat1.7.faa_contig436pilon_pilon_2579",1.29185180527056,1.98832176012744,1.4973827041834,0,0,0,0,0,0,0,2.15090332733127,1.13098460611101,0,0,0,0,0,0
"metabat1.7.faa_contig436pilon_pilon_258",1.29185180527056,1.64146402980544,1.33308998856978,0,0,0,0,0,1.52740029239538,0,1.44388713727703,0.67359331525981,0,0,0,0,0,0
"metabat1.7.faa_contig436pilon_pilon_2580",1.96230563626242,2.13478485261146,1.77865745269737,0,0,0,0,0,0,1.11645381230496,0.89550771308478,1.13098460611101,0,0,0,0,0,0
"metabat1.7.faa_contig436pilon_pilon_2582",0,1.64146402980544,1.4973827041834,0,0,0,0,0,0,0,1.44388713727703,1.99102887400464,0,0,0,0,0,0
"metabat1.7.faa_contig436pilon_pilon_2584",1.29185180527056,1.64146402980544,0.685058202165542,0,0,0,0,0,0,1.11645381230496,2.62330189181478,1.75709288071739,0,0,0,0,0,0
"metabat1.7.faa_contig436pilon_pilon_2585",0,1.43074458043053,1.4973827041834,0,0,0,0,0,0,0,1.19559746605447,0,0,0,0,0,0,0
"metabat1.7.faa_contig436pilon_pilon_2589",0,0,0.685058202165542,3.55492163421865,2.24262160634391,5.37668128135485,0,0,0,1.11645381230496,1.19559746605447,0,4.64295627544795,3.67601979373609,3.55492163421865,0,3.27644421513022,0
"metabat1.7.faa_contig436pilon_pilon_2590",4.90537137695498,4.29678331772861,5.46438877547587,5.15573398392153,4.88832017626677,5.04090031976922,1.37979066905676,2.0382190429837,1.52740029239538,3.52521753160707,4.43605163491336,5.15024956173224,2.7464361614707,4.81240343892285,4.3302665366833,1.29118405857877,0,0
"metabat1.7.faa_contig436pilon_pilon_2591",1.96230563626242,1.98832176012744,2.21617578280615,1.1340537405337,2.85218620740818,2.81536084815067,0,0,0,0,1.65565457285634,1.13098460611101,1.09903579045027,1.12312357938219,0,0,0,0
"metabat1.7.faa_contig436pilon_pilon_2592",1.66568014541256,0,0.934818605712233,1.7610687491275,0,0,0,0,0,0,0.516148531667395,1.13098460611101,0,0,2.19668159538169,0,0,0
"metabat1.7.faa_contig436pilon_pilon_2593",0,0.509913214608311,0.685058202165542,0,0,0,0,1.35258389846972,0,0,0.516148531667395,0,0,0,0,0,0,0
"metabat1.7.faa_contig436pilon_pilon_2595",0,0.88590938112637,0.934818605712233,1.1340537405337,0,0.897401199107369,0,0,0,0,0.89550771308478,0,0,0,0,0,0,0
"metabat1.7.faa_contig436pilon_pilon_2596",0.785936028605364,0.88590938112637,0,0,1.80255518101465,0,0,0,0,0,0,0,0,0,0,0,0,0
"metabat1.7.faa_contig436pilon_pilon_2597",0,0.509913214608311,0.934818605712233,0,0,0,0,0,0,0,0.89550771308478,1.13098460611101,0,0,0,0,0,0
"metabat1.7.faa_contig436pilon_pilon_2598",0,1.43074458043053,0.934818605712233,0,0,0,0,0,0,0,1.65565457285634,0,0,0,0,0,1.96219704722974,0
"metabat1.7.faa_contig436pilon_pilon_2599",0.785936028605364,0.509913214608311,0.934818605712233,0,0,0.897401199107369,0,0,0,0,0,0.67359331525981,1.09903579045027,0,0,0,0,0
"metabat1.7.faa_contig436pilon_pilon_2601",0.785936028605364,1.43074458043053,0.934818605712233,0,0,0,0,0,0,0,0,0,0,0,0,0,0,0
"metabat1.7.faa_contig436pilon_pilon_2602",0,0.509913214608311,0,3.40025988685526,3.74866254356939,3.26709763171278,2.53777273352371,1.35258389846972,0,0,0,0,2.47727817412133,4.02824626322977,3.03006654447673,0,1.29176539221842,0
"metabat1.7.faa_contig436pilon_pilon_2603",0.785936028605364,0,1.77865745269737,1.1340537405337,0,0,1.37979066905676,0,0,0,0.516148531667395,2.52615053480768,1.09903579045027,0,1.1340537405337,0,0,0
"metabat1.7.faa_contig436pilon_pilon_2605",0.785936028605364,0.88590938112637,2.01393892571283,0,0,0,0,0,0,0,1.19559746605447,0,0,0,0,0,0,0
"metabat1.7.faa_contig436pilon_pilon_2606",0.785936028605364,1.43074458043053,2.5514261270497,0,0,0.897401199107369,0,0,0,1.73823503865256,1.840279242946,1.99102887400464,1.09903579045027,0,0,0,0,0
"metabat1.7.faa_contig436pilon_pilon_2608",0,0.88590938112637,0.38281488519608,0,0,0,0,0,0,0,1.44388713727703,0.67359331525981,0,0,0,0,0,0
"metabat1.7.faa_contig436pilon_pilon_2609",0,0.88590938112637,0.38281488519608,0,0,1.44647599839007,0,0,0,0,0.89550771308478,0,1.09903579045027,0,1.1340537405337,0,0,0
"metabat1.7.faa_contig436pilon_pilon_2610",1.96230563626242,1.18389527239187,1.77865745269737,0,0,1.84322922738708,0,0,0,2.50399368872529,0.516148531667395,3.0251155373296,1.09903579045027,0,1.7610687491275,1.29118405857877,2.76406976883088,2.18262553826444
"metabat1.7.faa_contig436pilon_pilon_2611",0,1.64146402980544,1.33308998856978,0,0,1.44647599839007,0,0,0,0,1.19559746605447,0.67359331525981,1.09903579045027,1.12312357938219,1.1340537405337,0,0,0
"metabat1.7.faa_contig436pilon_pilon_2613",1.29185180527056,0.509913214608311,1.33308998856978,0,0,1.84322922738708,0,0,0,1.11645381230496,0.516148531667395,0,1.09903579045027,1.74689798439781,1.1340537405337,0,0,0
"metabat1.7.faa_contig436pilon_pilon_2614",0,0.88590938112637,0.685058202165542,0,0,0.897401199107369,0,0,0,0,0.516148531667395,0,1.09903579045027,0,0,1.29118405857877,0,0
"metabat1.7.faa_contig436pilon_pilon_2617",2.20822168944952,1.43074458043053,2.11859814958117,3.40025988685526,3.08153142491784,2.98215586941322,0,0,0,0,2.00393517636671,1.13098460611101,3.49557149056926,4.31113176005914,3.55492163421865,1.29118405857877,3.27644421513022,2.18262553826444
"metabat1.7.faa_contig436pilon_pilon_262",0,0,0.38281488519608,0,0,0,0,0,0,0,1.44388713727703,0,0,0,0,0,0,0
"metabat1.7.faa_contig436pilon_pilon_2621",0.785936028605364,2.26773977122091,1.33308998856978,0,0,0,0,0,0,1.11645381230496,1.44388713727703,2.36884809447434,0,0,0,0,1.29176539221842,0
"metabat1.7.faa_contig436pilon_pilon_2622",1.29185180527056,1.64146402980544,1.4973827041834,0,0,0,0,0,0,1.11645381230496,0.89550771308478,1.99102887400464,0,1.74689798439781,0,0,0,0
"metabat1.7.faa_contig436pilon_pilon_2623",0,1.64146402980544,0.934818605712233,0,0,0.897401199107369,0,0,0,1.11645381230496,1.44388713727703,1.99102887400464,0,0,1.1340537405337,0,0,0
"metabat1.7.faa_contig436pilon_pilon_2624",0.785936028605364,1.43074458043053,0.38281488519608,0,0,0,0,0,0,1.11645381230496,0.516148531667395,1.13098460611101,1.09903579045027,0,0,0,0,0
"metabat1.7.faa_contig436pilon_pilon_2626",0,1.18389527239187,0.38281488519608,0,0,0,0,0,0,0,0.516148531667395,0,0,0,0,0,0,0
"metabat1.7.faa_contig436pilon_pilon_2627",0.785936028605364,1.18389527239187,0.934818605712233,0,1.16619325035431,0,0,0,0,0,0.516148531667395,1.13098460611101,0,0,0,0,0,0
"metabat1.7.faa_contig436pilon_pilon_2628",0.785936028605364,0.509913214608311,0,0,0,0,1.37979066905676,0,0,0,1.19559746605447,0,0,0,0,0,0,0
"metabat1.7.faa_contig436pilon_pilon_2629",0,1.82529197697292,1.33308998856978,0,0,0,0,0,0,1.11645381230496,0.89550771308478,0,0,0,0,0,0,0
"metabat1.7.faa_contig436pilon_pilon_263",3.27657521655722,2.13478485261146,2.11859814958117,1.1340537405337,0,1.44647599839007,0,0,1.52740029239538,0,1.840279242946,2.19227141791183,2.47727817412133,1.12312357938219,1.1340537405337,1.29118405857877,0,0
"metabat1.7.faa_contig436pilon_pilon_2631",0.785936028605364,1.43074458043053,0.38281488519608,0,0,0,0,0,0,0,1.44388713727703,0,0,0,0,0,0,0
"metabat1.7.faa_contig436pilon_pilon_2632",0.785936028605364,2.13478485261146,1.90108923408269,1.1340537405337,0,0,0,0,0,2.17133542639018,2.15090332733127,1.99102887400464,0,0,0,1.9614664838957,0,0
"metabat1.7.faa_contig436pilon_pilon_2633",2.20822168944952,1.98832176012744,2.21617578280615,0,0,0.897401199107369,0,0,0,0,1.840279242946,0,0,1.12312357938219,0,1.29118405857877,0,0
"metabat1.7.faa_contig436pilon_pilon_2634",0,0.88590938112637,0.38281488519608,0,0,0,0,0,0,0,0.89550771308478,0,0,0,0,0,0,0
"metabat1.7.faa_contig436pilon_pilon_2635",2.20822168944952,0.509913214608311,0.38281488519608,0,0,0,0,0,0,1.11645381230496,1.19559746605447,0,0,0,0,0,0,0
"metabat1.7.faa_contig436pilon_pilon_2636",0,1.43074458043053,1.77865745269737,0,0,0,0,0,0,0,2.28427424259072,0.67359331525981,0,1.12312357938219,0,0,0,0
"metabat1.7.faa_contig436pilon_pilon_2637",2.76419434237269,2.96040653444993,3.46311926836477,0,1.16619325035431,1.44647599839007,0,0,0,2.50399368872529,2.40635221835154,3.68939038606625,1.09903579045027,0,3.03006654447673,0,0,0
"metabat1.7.faa_contig436pilon_pilon_2638",0.785936028605364,0.509913214608311,2.88392414889163,0,0,0,0,0,0,0,0.89550771308478,1.75709288071739,1.71555497817818,0,1.7610687491275,0,0,0
"metabat1.7.faa_contig436pilon_pilon_2639",0,0,0.934818605712233,0,1.16619325035431,0.897401199107369,0,0,0,0,0,1.13098460611101,1.71555497817818,0,0,0,0,0
"metabat1.7.faa_contig436pilon_pilon_264",1.96230563626242,2.38946916323308,3.46311926836477,3.40025988685526,1.80255518101465,2.15407448615294,0,0,1.52740029239538,2.17133542639018,2.00393517636671,3.0251155373296,3.16909176668987,3.38203703533331,2.19668159538169,0,1.96219704722974,0
"metabat1.7.faa_contig436pilon_pilon_2640",0,0,0.38281488519608,2.19668159538169,0,0,0,0,0,0,1.65565457285634,1.13098460611101,1.09903579045027,2.51417842914998,1.1340537405337,0,0,0
"metabat1.7.faa_contig436pilon_pilon_2642",1.29185180527056,0,1.77865745269737,3.22700466328771,3.87637579585834,3.13165008026539,0,1.35258389846972,0,1.11645381230496,1.44388713727703,0,3.49557149056926,3.53650372487776,3.69459678192323,0,2.76406976883088,1.46983126765765
"metabat1.7.faa_contig436pilon_pilon_2643",0,0.88590938112637,0.38281488519608,0,0,0,0,0,0,0,0.89550771308478,0.67359331525981,0,0,0,0,0,0
"metabat1.7.faa_contig436pilon_pilon_2644",0.785936028605364,0,0.934818605712233,0,1.16619325035431,0,0,0,0,0,0,0.67359331525981,0,0,0,0,0,0
"metabat1.7.faa_contig436pilon_pilon_2645",1.29185180527056,1.98832176012744,1.90108923408269,1.7610687491275,0,1.44647599839007,0,0,0,0,2.00393517636671,1.4777407110858,0,1.12312357938219,0,0,0,0
"metabat1.7.faa_contig436pilon_pilon_2646",0,2.26773977122091,1.90108923408269,1.1340537405337,3.87637579585834,3.13165008026539,0,0,0,1.73823503865256,1.19559746605447,0.67359331525981,2.14611569478379,2.1809567813732,1.7610687491275,0,0,1.46983126765765
"metabat1.7.faa_contig436pilon_pilon_2647",0,1.18389527239187,1.4973827041834,0,1.80255518101465,1.44647599839007,0,0,0,0,0.516148531667395,1.4777407110858,1.09903579045027,0,0,0,0,0
"metabat1.7.faa_contig436pilon_pilon_2648",0,0.88590938112637,1.33308998856978,0,0,0,0,0,0,0,0.89550771308478,0,1.09903579045027,1.12312357938219,1.1340537405337,0,0,0
"metabat1.7.faa_contig436pilon_pilon_265",0.785936028605364,0.509913214608311,0.38281488519608,1.7610687491275,1.16619325035431,0.897401199107369,0,0,0,0,0,1.4777407110858,0,0,1.7610687491275,0,0,0
"metabat1.7.faa_contig436pilon_pilon_2650",0,0.88590938112637,1.64486408351293,0,0,0,0,0,0,0,2.15090332733127,1.13098460611101,0,0,1.1340537405337,0,0,0
"metabat1.7.faa_contig436pilon_pilon_2652",0,1.82529197697292,0.38281488519608,0,0,1.44647599839007,0,1.35258389846972,0,1.11645381230496,1.19559746605447,1.13098460611101,0,0,0,0,0,0
"metabat1.7.faa_contig436pilon_pilon_2653",1.66568014541256,0.88590938112637,1.14765426080542,0,0,0,0,0,0,1.11645381230496,0.516148531667395,0.67359331525981,0,0,0,0,0,0
"metabat1.7.faa_contig436pilon_pilon_2654",0.785936028605364,1.64146402980544,0.685058202165542,0,0,0,0,0,0,0,0.516148531667395,0,0,0,0,0,0,1.46983126765765
"metabat1.7.faa_contig436pilon_pilon_2655",0,0.509913214608311,1.4973827041834,0,0,0,0,0,0,2.17133542639018,1.840279242946,1.75709288071739,0,0,0,0,0,0
"metabat1.7.faa_contig436pilon_pilon_2658",2.20822168944952,1.64146402980544,1.64486408351293,2.19668159538169,2.24262160634391,0,0,0,0,2.17133542639018,0.89550771308478,1.4777407110858,1.09903579045027,1.12312357938219,1.1340537405337,0,0,0
"metabat1.7.faa_contig436pilon_pilon_2659",3.38055467503265,2.38946916323308,3.96221623028372,1.1340537405337,2.24262160634391,2.15407448615294,0,2.85095210606296,0,3.00158663115357,1.65565457285634,4.28142113541152,2.14611569478379,2.1809567813732,1.7610687491275,0,0,0
"metabat1.7.faa_contig436pilon_pilon_266",1.29185180527056,1.82529197697292,3.29463827516837,2.19668159538169,1.16619325035431,3.39091296255041,0,0,0,1.11645381230496,2.51890127711715,3.39515229077606,2.97318671073354,2.78469305237248,2.80193012411026,0,0,0
"metabat1.7.faa_contig436pilon_pilon_2660",2.41826115096941,0.509913214608311,1.77865745269737,0,0,1.84322922738708,0,2.50107543391484,1.52740029239538,0,0,1.75709288071739,0,2.1809567813732,0,0,0,0
"metabat1.7.faa_contig436pilon_pilon_2661",0.785936028605364,0,1.4973827041834,0,1.16619325035431,0,0,0,0,0,0,0.67359331525981,0,0,1.7610687491275,1.29118405857877,0,0
"metabat1.7.faa_contig436pilon_pilon_2662",0.785936028605364,0.509913214608311,1.33308998856978,0,0,0.897401199107369,0,0,0,0,1.19559746605447,0,0,0,0,0,0,0
"metabat1.7.faa_contig436pilon_pilon_2663",0,1.64146402980544,1.64486408351293,0,0,0,0,0,0,0,1.44388713727703,0,0,1.74689798439781,0,0,0,0
"metabat1.7.faa_contig436pilon_pilon_2664",0.785936028605364,1.18389527239187,1.64486408351293,0,1.80255518101465,3.13165008026539,0,0,0,0,1.19559746605447,1.4777407110858,1.71555497817818,1.12312357938219,0,0,0,0
"metabat1.7.faa_contig436pilon_pilon_2665",0,0,0.38281488519608,1.1340537405337,0,0.897401199107369,1.37979066905676,0,0,0,0.516148531667395,0,0,1.12312357938219,0,0,0,0
"metabat1.7.faa_contig436pilon_pilon_2666",0,0.509913214608311,1.14765426080542,0,0,0,0,0,0,0,0.516148531667395,0,0,0,0,0,0,0
"metabat1.7.faa_contig436pilon_pilon_2667",0,1.43074458043053,0.685058202165542,0,0,0,0,0,0,0,1.65565457285634,1.4777407110858,1.09903579045027,0,0,0,0,0
"metabat1.7.faa_contig436pilon_pilon_2668",0,0.509913214608311,0.685058202165542,0,0,0,0,0,0,0,0.516148531667395,1.13098460611101,0,0,0,0,0,0
"metabat1.7.faa_contig436pilon_pilon_2669",0,0.509913214608311,0.38281488519608,0,0,0,0,0,0,2.17133542639018,0,1.13098460611101,0,0,0,0,0,0
"metabat1.7.faa_contig436pilon_pilon_267",0.785936028605364,0.509913214608311,0.685058202165542,0,0,0,0,0,0,0,0,0,0,1.12312357938219,0,0,0,0
"metabat1.7.faa_contig436pilon_pilon_2670",0,1.82529197697292,0.934818605712233,0,0,0,0,2.0382190429837,0,1.11645381230496,0,1.99102887400464,0,0,0,0,0,0
"metabat1.7.faa_contig436pilon_pilon_2671",0,1.18389527239187,1.33308998856978,0,0,0,0,0,0,2.50399368872529,0.89550771308478,1.13098460611101,0,0,0,0,0,0
"metabat1.7.faa_contig436pilon_pilon_2673",0.785936028605364,1.18389527239187,0.38281488519608,0,0,0,0,0,0,0,0,0,0,0,1.1340537405337,0,0,0
"metabat1.7.faa_contig436pilon_pilon_2674",0.785936028605364,1.43074458043053,1.14765426080542,0,0,0,0,0,0,1.11645381230496,0.89550771308478,1.4777407110858,0,1.12312357938219,1.7610687491275,1.29118405857877,0,0
"metabat1.7.faa_contig436pilon_pilon_2675",0,1.43074458043053,0.685058202165542,0,0,0,0,0,0,0,0.89550771308478,0,0,0,0,0,0,0
"metabat1.7.faa_contig436pilon_pilon_2676",1.29185180527056,1.43074458043053,0.38281488519608,0,0,0,0,0,0,0,0,0.67359331525981,0,0,0,0,0,0
"metabat1.7.faa_contig436pilon_pilon_2677",2.41826115096941,0.509913214608311,0.934818605712233,0,0,0,0,0,0,0,0.516148531667395,0.67359331525981,0,0,0,0,0,0
"metabat1.7.faa_contig436pilon_pilon_2678",1.29185180527056,2.26773977122091,2.01393892571283,0,1.16619325035431,1.44647599839007,0,0,0,1.11645381230496,1.840279242946,2.66797545578142,0,0,0,0,0,0
"metabat1.7.faa_contig436pilon_pilon_2679",0.785936028605364,1.64146402980544,2.01393892571283,0,0,0,0,0,0,0,0.516148531667395,0,0,1.74689798439781,0,0,0,0
"metabat1.7.faa_contig436pilon_pilon_2680",0.785936028605364,1.43074458043053,1.14765426080542,0,0,0,0,0,0,0,1.840279242946,0.67359331525981,0,0,0,0,0,0
"metabat1.7.faa_contig436pilon_pilon_2683",1.29185180527056,0,1.64486408351293,0,0,0,0,0,0,1.11645381230496,1.44388713727703,1.75709288071739,0,0,0,0,0,0
"metabat1.7.faa_contig436pilon_pilon_2684",0.785936028605364,0.509913214608311,0.38281488519608,0,0,0,0,0,0,0,0.89550771308478,0.67359331525981,0,0,0,0,0,0
"metabat1.7.faa_contig436pilon_pilon_2685",0,0.88590938112637,0.685058202165542,0,1.16619325035431,2.15407448615294,0,0,0,0,1.19559746605447,0,0,0,1.7610687491275,0,0,0
"metabat1.7.faa_contig436pilon_pilon_2686",0,0.509913214608311,1.4973827041834,0,0,0,0,0,0,0,0,1.13098460611101,0,0,1.1340537405337,0,0,0
"metabat1.7.faa_contig436pilon_pilon_2688",1.29185180527056,0.88590938112637,2.11859814958117,0,0,0,1.37979066905676,0,0,0,1.65565457285634,1.13098460611101,0,0,0,0,0,0
"metabat1.7.faa_contig436pilon_pilon_2689",0,0,1.33308998856978,0,0,0,0,0,0,0,0.516148531667395,0.67359331525981,0,0,0,0,0,0
"metabat1.7.faa_contig436pilon_pilon_269",0.785936028605364,0.509913214608311,0.685058202165542,0,0,0,0,0,0,1.73823503865256,0,0,0,0,0,0,0,0
"metabat1.7.faa_contig436pilon_pilon_2690",0,0.88590938112637,1.33308998856978,0,0,0,0,0,0,0,1.44388713727703,1.99102887400464,0,0,0,0,0,0
"metabat1.7.faa_contig436pilon_pilon_2693",0.785936028605364,0.88590938112637,1.90108923408269,0,0,0,0,0,0,0,1.19559746605447,1.4777407110858,0,1.12312357938219,0,0,1.29176539221842,0
"metabat1.7.faa_contig436pilon_pilon_2695",1.96230563626242,1.98832176012744,1.4973827041834,0,0,0,0,0,0,0,2.00393517636671,1.75709288071739,0,0,0,0,0,0
"metabat1.7.faa_contig436pilon_pilon_2698",0,1.43074458043053,1.4973827041834,0,0,0,0,0,0,1.73823503865256,1.840279242946,1.13098460611101,0,0,0,0,0,0
"metabat1.7.faa_contig436pilon_pilon_2700",0.785936028605364,0.88590938112637,1.90108923408269,2.53081550425397,2.24262160634391,2.62673007810211,1.37979066905676,0,0,1.11645381230496,2.15090332733127,0.67359331525981,0,1.12312357938219,0,0,0,0
"metabat1.7.faa_contig436pilon_pilon_2701",0,1.18389527239187,0,0,0,0,0,0,0,0,1.19559746605447,0,0,0,0,0,0,0
"metabat1.7.faa_contig436pilon_pilon_2702",0,0.88590938112637,0.685058202165542,0,0,0,0,0,0,0,0.516148531667395,0,0,0,0,0,0,0
"metabat1.7.faa_contig436pilon_pilon_2706",0.785936028605364,1.18389527239187,1.64486408351293,0,0,0,0,0,0,1.11645381230496,1.65565457285634,1.4777407110858,0,0,0,0,0,0
"metabat1.7.faa_contig436pilon_pilon_2707",0.785936028605364,0.509913214608311,0.685058202165542,0,0,0,0,0,0,0,0.516148531667395,0,0,0,0,0,0,0
"metabat1.7.faa_contig436pilon_pilon_2708",1.66568014541256,0.509913214608311,0.685058202165542,0,0,0,0,0,0,0,1.44388713727703,0.67359331525981,0,0,0,0,0,0
"metabat1.7.faa_contig436pilon_pilon_2709",2.20822168944952,0,1.33308998856978,0,0,0,0,0,0,0,0.516148531667395,1.75709288071739,0,0,1.7610687491275,0,0,0
"metabat1.7.faa_contig436pilon_pilon_271",1.66568014541256,1.43074458043053,1.33308998856978,0,1.16619325035431,0.897401199107369,0,0,0,0,0.89550771308478,1.13098460611101,0,0,1.7610687491275,0,0,0
"metabat1.7.faa_contig436pilon_pilon_2711",0,0.509913214608311,1.4973827041834,0,0,0,0,0,0,0,1.19559746605447,1.13098460611101,0,0,0,0,1.96219704722974,0
"metabat1.7.faa_contig436pilon_pilon_2713",1.66568014541256,1.43074458043053,0.934818605712233,0,0,0,0,0,0,1.11645381230496,2.28427424259072,1.4777407110858,0,0,0,0,1.29176539221842,0
"metabat1.7.faa_contig436pilon_pilon_2716",1.29185180527056,2.26773977122091,2.30756971923906,3.69459678192323,2.24262160634391,3.88784897214272,0,0,0,1.11645381230496,2.00393517636671,2.36884809447434,0,1.12312357938219,1.1340537405337,0,0,0
"metabat1.7.faa_contig436pilon_pilon_2717",0.785936028605364,0,1.77865745269737,1.1340537405337,0,1.44647599839007,0,0,0,1.11645381230496,0.89550771308478,2.19227141791183,0,0,0,0,0,0
"metabat1.7.faa_contig436pilon_pilon_2718",0,0.88590938112637,1.4973827041834,0,0,0,0,0,0,0,0,0.67359331525981,0,0,1.1340537405337,0,0,0
"metabat1.7.faa_contig436pilon_pilon_272",0,0.509913214608311,0.934818605712233,0,0,0,0,0,0,0,0.516148531667395,0,0,0,0,0,0,0
"metabat1.7.faa_contig436pilon_pilon_2720",0.785936028605364,0.509913214608311,0.685058202165542,0,2.24262160634391,0,0,0,0,1.11645381230496,0,0,0,1.12312357938219,0,0,0,0
"metabat1.7.faa_contig436pilon_pilon_2721",0.785936028605364,0,0.685058202165542,0,0,0,0,0,0,0,1.65565457285634,0,0,0,0,0,0,0
"metabat1.7.faa_contig436pilon_pilon_2723",0.785936028605364,0,0.934818605712233,1.1340537405337,0,2.62673007810211,2.07197274134539,1.35258389846972,0,0,0,1.13098460611101,1.09903579045027,1.12312357938219,0,0,0,0
"metabat1.7.faa_contig436pilon_pilon_2726",0.785936028605364,0.509913214608311,0.934818605712233,0,0,0,0,0,0,0,0,0.67359331525981,0,0,0,0,0,0
"metabat1.7.faa_contig436pilon_pilon_2727",0.785936028605364,1.18389527239187,0.685058202165542,0,0,0,0,0,0,0,0,0,0,0,0,0,0,0
"metabat1.7.faa_contig436pilon_pilon_2728",3.04301307761808,2.13478485261146,3.29463827516837,1.1340537405337,1.16619325035431,1.44647599839007,0,0,0,0,1.65565457285634,2.79709764057128,1.09903579045027,0,0,0,0,0
"metabat1.7.faa_contig436pilon_pilon_273",1.29185180527056,1.82529197697292,0.685058202165542,0,0,0,0,0,0,1.73823503865256,1.840279242946,0.67359331525981,1.09903579045027,0,0,0,1.96219704722974,0
"metabat1.7.faa_contig436pilon_pilon_2730",0.785936028605364,0.509913214608311,0.38281488519608,0,0,0,0,0,0,0,0.89550771308478,0,0,0,0,0,0,0
"metabat1.7.faa_contig436pilon_pilon_2732",0.785936028605364,1.18389527239187,2.21617578280615,0,1.16619325035431,0.897401199107369,0,0,0,0,1.840279242946,1.4777407110858,0,0,0,0,0,0
"metabat1.7.faa_contig436pilon_pilon_2734",0,0.509913214608311,0,0,0,0.897401199107369,0,0,0,0,1.19559746605447,0,0,0,0,0,0,0
"metabat1.7.faa_contig436pilon_pilon_2737",0,1.82529197697292,1.14765426080542,0,0,1.44647599839007,0,0,0,0,1.65565457285634,1.4777407110858,1.09903579045027,0,0,0,0,0
"metabat1.7.faa_contig436pilon_pilon_2738",0.785936028605364,0.509913214608311,0,0,0,1.44647599839007,0,0,0,0,1.44388713727703,0,0,0,0,0,0,0
"metabat1.7.faa_contig436pilon_pilon_2739",0.785936028605364,0.509913214608311,0.38281488519608,0,0,0,0,0,1.52740029239538,0,0,0.67359331525981,2.14611569478379,0,0,0,0,0
"metabat1.7.faa_contig436pilon_pilon_274",0,1.98832176012744,1.33308998856978,1.1340537405337,0,0,0,0,0,0,1.65565457285634,1.13098460611101,0,0,1.1340537405337,0,0,0
"metabat1.7.faa_contig436pilon_pilon_2741",0,0.509913214608311,0.38281488519608,0,0,0,0,0,0,1.11645381230496,0.89550771308478,0,0,0,0,0,0,0
"metabat1.7.faa_contig436pilon_pilon_2742",1.66568014541256,1.64146402980544,2.47463106669557,0,0,0.897401199107369,0,0,0,2.50399368872529,2.15090332733127,2.36884809447434,0,1.12312357938219,1.1340537405337,0,0,0
"metabat1.7.faa_contig436pilon_pilon_2748",0,0.509913214608311,0.38281488519608,0,0,1.44647599839007,0,0,0,0,0.89550771308478,0.67359331525981,0,0,0,0,0,0
"metabat1.7.faa_contig436pilon_pilon_2749",1.29185180527056,1.43074458043053,1.33308998856978,0,0,0,0,0,0,0,0.516148531667395,0.67359331525981,0,0,0,0,0,0
"metabat1.7.faa_contig436pilon_pilon_275",0,1.18389527239187,0.934818605712233,1.7610687491275,0,0,0,0,0,0,0.89550771308478,0.67359331525981,0,0,1.1340537405337,0,0,0
"metabat1.7.faa_contig436pilon_pilon_2751",0,0,0.38281488519608,3.40025988685526,3.99369705920218,2.62673007810211,0,1.35258389846972,0,0,0,0,2.14611569478379,3.8032256547964,3.40025988685526,0,0,0
"metabat1.7.faa_contig436pilon_pilon_2752",0.785936028605364,0,0.934818605712233,0,0,0.897401199107369,0,0,0,0,0.516148531667395,1.13098460611101,0,0,0,0,0,0
"metabat1.7.faa_contig436pilon_pilon_2754",1.66568014541256,0.509913214608311,1.64486408351293,0,0,0,0,0,0,0,1.840279242946,2.91560668555758,0,1.12312357938219,0,0,0,0
"metabat1.7.faa_contig436pilon_pilon_2756",1.29185180527056,0,1.4973827041834,0,0,1.84322922738708,0,0,0,2.77413745748303,1.19559746605447,2.19227141791183,0,1.12312357938219,0,0,0,0
"metabat1.7.faa_contig436pilon_pilon_2757",1.66568014541256,0.88590938112637,1.14765426080542,0,0,0,0,0,0,0,0,0.67359331525981,0,0,0,0,1.29176539221842,0
"metabat1.7.faa_contig436pilon_pilon_2758",0,0.88590938112637,0.38281488519608,0,0,0,0,0,0,0,1.65565457285634,0,0,1.74689798439781,0,0,0,0
"metabat1.7.faa_contig436pilon_pilon_2759",1.29185180527056,0.509913214608311,1.90108923408269,0,2.57936124805689,2.40967275086044,0,0,0,1.73823503865256,0.89550771308478,0.67359331525981,2.14611569478379,1.74689798439781,2.53081550425397,0,1.96219704722974,0
"metabat1.7.faa_contig436pilon_pilon_276",1.29185180527056,1.43074458043053,0,0,0,0,0,0,0,0,0.516148531667395,0.67359331525981,0,0,0,1.9614664838957,0,0
"metabat1.7.faa_contig436pilon_pilon_2760",0,0,0.934818605712233,1.1340537405337,0,0.897401199107369,0,1.35258389846972,0,0,0.89550771308478,1.13098460611101,0,0,0,0,0,0
"metabat1.7.faa_contig436pilon_pilon_2761",0,0.88590938112637,0.934818605712233,0,1.16619325035431,0.897401199107369,0,0,0,0,0.516148531667395,1.13098460611101,0,0,0,1.29118405857877,0,0
"metabat1.7.faa_contig436pilon_pilon_2762",2.20822168944952,2.13478485261146,3.33863871741216,0,1.16619325035431,0.897401199107369,0,0,0,1.73823503865256,2.51890127711715,3.0251155373296,0,0,1.1340537405337,0,0,0
"metabat1.7.faa_contig436pilon_pilon_2763",0,1.82529197697292,1.14765426080542,0,0,0,0,0,0,0,2.00393517636671,0.67359331525981,0,0,1.1340537405337,0,0,0
"metabat1.7.faa_contig436pilon_pilon_2764",0.785936028605364,0.509913214608311,1.14765426080542,2.53081550425397,1.16619325035431,2.62673007810211,0,0,0,0,0.516148531667395,0.67359331525981,0,1.74689798439781,0,1.29118405857877,0,0
"metabat1.7.faa_contig436pilon_pilon_2765",0,1.64146402980544,1.77865745269737,0,0,0,0,0,0,0,0.89550771308478,1.13098460611101,0,0,0,0,0,0
"metabat1.7.faa_contig436pilon_pilon_2767",3.04301307761808,3.03692475438397,3.84507555095142,1.7610687491275,1.80255518101465,1.84322922738708,0,0,0,2.17133542639018,2.62330189181478,3.12689527349591,0,0,0,0,1.29176539221842,0
"metabat1.7.faa_contig436pilon_pilon_2768",0,0.509913214608311,0.38281488519608,0,0,0,0,0,0,1.11645381230496,0.89550771308478,0.67359331525981,0,1.12312357938219,0,0,0,0
"metabat1.7.faa_contig436pilon_pilon_2769",0.785936028605364,1.18389527239187,1.77865745269737,0,0,0.897401199107369,0,0,0,0,1.19559746605447,2.52615053480768,2.97318671073354,0,1.1340537405337,0,0,1.46983126765765
"metabat1.7.faa_contig436pilon_pilon_2770",1.96230563626242,2.38946916323308,1.64486408351293,1.7610687491275,1.16619325035431,2.40967275086044,0,0,0,1.11645381230496,2.28427424259072,2.79709764057128,1.71555497817818,1.12312357938219,0,0,0,0
"metabat1.7.faa_contig436pilon_pilon_2771",0,0,0.934818605712233,1.1340537405337,0,0,0,0,0,1.11645381230496,0.89550771308478,0,0,0,0,0,1.29176539221842,0
"metabat1.7.faa_contig436pilon_pilon_2774",0,1.18389527239187,0,0,0,1.84322922738708,0,0,0,0,0.516148531667395,0,0,0,0,0,0,1.46983126765765
"metabat1.7.faa_contig436pilon_pilon_2776",0.785936028605364,0.509913214608311,0,0,0,0,0,0,0,1.11645381230496,1.19559746605447,0.67359331525981,0,1.74689798439781,0,0,0,0
"metabat1.7.faa_contig436pilon_pilon_2777",0,0.88590938112637,1.4973827041834,1.1340537405337,0,1.84322922738708,0,0,0,0,0.89550771308478,1.4777407110858,0,1.12312357938219,1.1340537405337,1.29118405857877,0,0
"metabat1.7.faa_contig436pilon_pilon_2778",0,0.88590938112637,1.14765426080542,0,0,0,0,0,0,0,0.89550771308478,0.67359331525981,0,0,0,0,0,0
"metabat1.7.faa_contig436pilon_pilon_2779",1.29185180527056,0.509913214608311,0.685058202165542,4.04716258700846,2.85218620740818,4.12030580132953,0,0,0,1.11645381230496,0.516148531667395,0,3.76163235739226,3.92011864479253,2.80193012411026,0,0,0
"metabat1.7.faa_contig436pilon_pilon_278",1.29185180527056,1.43074458043053,2.01393892571283,0,0,0,0,0,0,1.11645381230496,1.65565457285634,1.75709288071739,0,0,1.1340537405337,0,0,0
"metabat1.7.faa_contig436pilon_pilon_2780",0.785936028605364,0.88590938112637,0.38281488519608,0,0,0,0,0,0,0,1.19559746605447,1.13098460611101,0,0,0,0,0,0
"metabat1.7.faa_contig436pilon_pilon_2781",0.785936028605364,0.88590938112637,0.934818605712233,0,0,0,0,0,0,0,2.00393517636671,0,0,0,0,0,0,1.46983126765765
"metabat1.7.faa_contig436pilon_pilon_2782",1.66568014541256,1.18389527239187,1.14765426080542,1.1340537405337,1.16619325035431,1.44647599839007,0,0,0,1.11645381230496,0.89550771308478,0,1.09903579045027,1.12312357938219,0,0,0,0
"metabat1.7.faa_contig436pilon_pilon_2783",2.76419434237269,3.10958816605155,2.75996219574681,1.1340537405337,0,3.13165008026539,0,0,0,1.73823503865256,2.81185139127062,2.66797545578142,2.14611569478379,2.1809567813732,1.1340537405337,0,0,0
"metabat1.7.faa_contig436pilon_pilon_2786",0.785936028605364,1.98832176012744,1.14765426080542,1.1340537405337,1.80255518101465,1.84322922738708,0,0,0,0,0.89550771308478,1.4777407110858,1.09903579045027,0,0,0,0,0
"metabat1.7.faa_contig436pilon_pilon_2787",0,0,0.934818605712233,0,0,0.897401199107369,0,0,0,0,0,0,1.09903579045027,1.74689798439781,1.7610687491275,0,0,0
"metabat1.7.faa_contig436pilon_pilon_2788",0,1.82529197697292,0.685058202165542,1.1340537405337,0,0,0,0,0,0,0.516148531667395,1.4777407110858,1.09903579045027,0,0,0,0,0
"metabat1.7.faa_contig436pilon_pilon_2789",5.06993749326438,5.49480956384662,6.51660237437364,4.04716258700846,3.87637579585834,5.21853777412728,2.07197274134539,2.0382190429837,0,5.0241252081226,5.63241191144398,6.74035096027628,4.88522632274544,3.92011864479253,3.82193485693565,0,0,0
"metabat1.7.faa_contig436pilon_pilon_279",1.66568014541256,2.13478485261146,1.4973827041834,1.1340537405337,0,0.897401199107369,0,0,0,1.11645381230496,1.65565457285634,1.99102887400464,0,0,0,0,1.29176539221842,0
"metabat1.7.faa_contig436pilon_pilon_2791",0,1.82529197697292,0.934818605712233,0,0,0,0,0,0,0,1.19559746605447,1.4777407110858,0,0,0,0,0,0
"metabat1.7.faa_contig436pilon_pilon_2792",0,1.18389527239187,0.685058202165542,0,1.80255518101465,0,0,0,0,0,0.516148531667395,0.67359331525981,0,0,0,0,0,0
"metabat1.7.faa_contig436pilon_pilon_2793",1.29185180527056,1.18389527239187,1.90108923408269,0,0,0,1.37979066905676,0,0,1.11645381230496,0,1.99102887400464,1.09903579045027,0,0,0,0,0
"metabat1.7.faa_contig436pilon_pilon_2794",0,0.509913214608311,0.934818605712233,1.7610687491275,0,0.897401199107369,0,0,0,0,0.516148531667395,0.67359331525981,0,0,0,0,0,0
"metabat1.7.faa_contig436pilon_pilon_2795",0.785936028605364,2.26773977122091,1.90108923408269,0,1.16619325035431,0,0,0,0,0,1.840279242946,1.75709288071739,1.09903579045027,0,1.1340537405337,0,0,0
"metabat1.7.faa_contig436pilon_pilon_2796",0.785936028605364,0.88590938112637,1.33308998856978,0,0,0,0,0,0,0,1.19559746605447,0.67359331525981,0,0,0,0,0,0
"metabat1.7.faa_contig436pilon_pilon_2797",0.785936028605364,1.98832176012744,1.64486408351293,0,1.16619325035431,0.897401199107369,0,0,0,1.11645381230496,1.19559746605447,1.75709288071739,0,1.12312357938219,0,0,0,0
"metabat1.7.faa_contig436pilon_pilon_2799",0,1.18389527239187,0.685058202165542,0,0,0,0,0,0,0,0.516148531667395,0.67359331525981,0,0,0,0,0,0
"metabat1.7.faa_contig436pilon_pilon_280",0,1.43074458043053,1.14765426080542,0,0,0,0,0,0,0,1.840279242946,0.67359331525981,0,0,0,0,0,0
"metabat1.7.faa_contig436pilon_pilon_2801",1.66568014541256,0.88590938112637,0.685058202165542,1.7610687491275,0,0,0,0,0,0,0.89550771308478,0,1.09903579045027,0,0,1.29118405857877,0,0
"metabat1.7.faa_contig436pilon_pilon_2803",0,1.64146402980544,0.685058202165542,0,0,0,0,0,0,0,0,1.13098460611101,0,0,0,0,0,0
"metabat1.7.faa_contig436pilon_pilon_2804",0,2.26773977122091,0.934818605712233,0,0,0,0,0,0,0,0,2.52615053480768,0,0,0,0,0,0
"metabat1.7.faa_contig436pilon_pilon_2806",1.66568014541256,0.509913214608311,1.14765426080542,0,0,0,0,0,0,0,0,0,0,0,0,1.29118405857877,0,0
"metabat1.7.faa_contig436pilon_pilon_2807",0,0.509913214608311,0,0,1.16619325035431,1.44647599839007,0,0,0,1.11645381230496,0.516148531667395,0,0,0,0,0,0,0
"metabat1.7.faa_contig436pilon_pilon_2808",0,0,0.38281488519608,0,1.16619325035431,0.897401199107369,0,0,0,0,0,0,1.09903579045027,0,1.1340537405337,0,0,1.46983126765765
"metabat1.7.faa_contig436pilon_pilon_281",0.785936028605364,0.88590938112637,0,0,0,0,0,0,0,1.11645381230496,0.516148531667395,0,0,0,0,0,0,0
"metabat1.7.faa_contig436pilon_pilon_2811",0,1.82529197697292,1.90108923408269,0,0,0,0,0,0,1.11645381230496,1.19559746605447,0.67359331525981,0,0,0,0,0,0
"metabat1.7.faa_contig436pilon_pilon_2812",1.29185180527056,2.38946916323308,3.29463827516837,0,0,1.44647599839007,0,0,0,0,2.00393517636671,1.99102887400464,0,0,0,0,0,1.46983126765765
"metabat1.7.faa_contig436pilon_pilon_2813",4.6793765910378,4.35771868472857,3.64933608876011,2.19668159538169,2.57936124805689,2.62673007810211,3.78852376581931,3.13232256184094,3.62011191833436,5.42803576465571,4.43605163491336,4.23658626360847,4.26857187414286,1.74689798439781,1.1340537405337,3.95167011580089,4.08159705459238,3.30004679866271
"metabat1.7.faa_contig436pilon_pilon_2816",0.785936028605364,0.88590938112637,1.4973827041834,0,0,0,0,0,0,0,0.89550771308478,0,0,0,0,0,0,0
"metabat1.7.faa_contig436pilon_pilon_2818",0,2.60586750229792,2.39351721646857,0,0,0,0,0,0,1.73823503865256,2.72065470380689,1.4777407110858,1.09903579045027,0,0,0,0,0
"metabat1.7.faa_contig436pilon_pilon_282",0.785936028605364,0.88590938112637,1.14765426080542,0,0,0.897401199107369,0,0,0,1.73823503865256,1.44388713727703,0,0,0,0,0,0,0
"metabat1.7.faa_contig436pilon_pilon_2822",0.785936028605364,1.64146402980544,0.934818605712233,0,0,0,0,0,0,1.73823503865256,1.44388713727703,1.75709288071739,0,0,0,0,0,0
"metabat1.7.faa_contig436pilon_pilon_2823",1.29185180527056,0.88590938112637,0.934818605712233,2.19668159538169,0,1.44647599839007,0,0,0,0,0,0,1.71555497817818,0,1.1340537405337,0,0,0
"metabat1.7.faa_contig436pilon_pilon_2824",0,0.509913214608311,0.38281488519608,2.80193012411026,0,0.897401199107369,2.88932252575784,0,0,0,0.516148531667395,0,2.14611569478379,2.51417842914998,2.19668159538169,0,0,0
"metabat1.7.faa_contig436pilon_pilon_2825",0.785936028605364,2.79400061842543,2.82327417442235,1.7610687491275,2.57936124805689,0.897401199107369,0,0,0,1.73823503865256,1.19559746605447,1.4777407110858,1.09903579045027,2.78469305237248,2.19668159538169,0,0,0
"metabat1.7.faa_contig436pilon_pilon_2827",0.785936028605364,0,1.4973827041834,0,0,0,0,0,0,0,0.89550771308478,1.13098460611101,0,0,0,0,0,0
"metabat1.7.faa_contig436pilon_pilon_2828",0.785936028605364,0,0.934818605712233,0,0,0,0,0,0,0,0.89550771308478,0,1.71555497817818,0,0,0,0,0
"metabat1.7.faa_contig436pilon_pilon_2829",0,0.509913214608311,0.934818605712233,0,0,0.897401199107369,0,0,0,0,0.89550771308478,0,0,0,0,0,0,0
"metabat1.7.faa_contig436pilon_pilon_283",0.785936028605364,1.43074458043053,0.38281488519608,0,0,1.44647599839007,0,0,0,2.17133542639018,1.44388713727703,0.67359331525981,1.09903579045027,0,0,0,0,0
"metabat1.7.faa_contig436pilon_pilon_2830",0,0.509913214608311,1.33308998856978,0,0,0,0,0,0,0,0.516148531667395,0,0,0,0,0,0,0
"metabat1.7.faa_contig436pilon_pilon_2831",0,1.43074458043053,0.934818605712233,0,0,0,0,0,0,0,0,0,0,0,0,0,0,0
"metabat1.7.faa_contig436pilon_pilon_2832",0.785936028605364,1.43074458043053,2.21617578280615,0,0,0.897401199107369,0,0,0,0,1.65565457285634,1.4777407110858,1.71555497817818,0,0,0,0,0
"metabat1.7.faa_contig436pilon_pilon_2833",0,1.64146402980544,0,0,0,0,0,0,0,0,1.44388713727703,0,1.09903579045027,0,0,0,0,0
"metabat1.7.faa_contig436pilon_pilon_2834",1.29185180527056,1.18389527239187,1.33308998856978,0,0,0,0,0,0,0,1.44388713727703,1.99102887400464,0,1.12312357938219,0,0,0,0
"metabat1.7.faa_contig436pilon_pilon_2836",1.96230563626242,0.509913214608311,1.90108923408269,1.1340537405337,0,0,0,0,0,1.11645381230496,1.840279242946,0.67359331525981,0,0,0,0,0,0
"metabat1.7.faa_contig436pilon_pilon_2837",0,0.88590938112637,1.90108923408269,0,0,0.897401199107369,0,0,0,1.11645381230496,1.65565457285634,0.67359331525981,0,1.12312357938219,0,0,0,0
"metabat1.7.faa_contig436pilon_pilon_2838",0.785936028605364,1.43074458043053,0.38281488519608,0,0,1.44647599839007,0,0,0,0,1.840279242946,0,1.09903579045027,0,0,0,0,0
"metabat1.7.faa_contig436pilon_pilon_2839",0,0,0.38281488519608,1.1340537405337,0,0.897401199107369,0,0,0,0,0,1.4777407110858,0,0,0,0,0,0
"metabat1.7.faa_contig436pilon_pilon_2840",0.785936028605364,1.43074458043053,0.934818605712233,0,0,0.897401199107369,0,0,0,0,2.28427424259072,0.67359331525981,0,0,0,0,0,0
"metabat1.7.faa_contig436pilon_pilon_2841",2.20822168944952,1.82529197697292,1.4973827041834,0,0,0,0,0,0,1.11645381230496,2.00393517636671,0.67359331525981,0,1.74689798439781,0,0,0,0
"metabat1.7.faa_contig436pilon_pilon_2842",0,0,1.33308998856978,0,0,0,0,0,0,0,1.65565457285634,0.67359331525981,0,1.12312357938219,0,0,0,0
"metabat1.7.faa_contig436pilon_pilon_2845",0,1.18389527239187,1.4973827041834,0,0,0,0,0,0,1.73823503865256,0.89550771308478,0.67359331525981,0,0,0,0,0,0
"metabat1.7.faa_contig436pilon_pilon_2846",1.96230563626242,0,0.38281488519608,0,0,0,0,0,0,0,0.516148531667395,0.67359331525981,0,0,1.1340537405337,0,0,0
"metabat1.7.faa_contig436pilon_pilon_2847",0,1.98832176012744,0,0,0,0,0,0,0,1.73823503865256,1.44388713727703,0.67359331525981,0,0,0,0,0,0
"metabat1.7.faa_contig436pilon_pilon_2848",0.785936028605364,2.13478485261146,2.30756971923906,0,0,0,0,0,1.52740029239538,0,2.15090332733127,1.75709288071739,0,0,0,0,0,0
"metabat1.7.faa_contig436pilon_pilon_2849",2.41826115096941,1.98832176012744,2.39351721646857,0,0,0.897401199107369,0,0,0,0,2.28427424259072,1.4777407110858,0,0,1.7610687491275,0,0,0
"metabat1.7.faa_contig436pilon_pilon_285",0,1.18389527239187,1.4973827041834,0,0,0.897401199107369,0,0,0,0,0,0.67359331525981,0,0,0,0,0,0
"metabat1.7.faa_contig436pilon_pilon_2851",0,1.43074458043053,0.685058202165542,0,0,0.897401199107369,0,0,0,0,1.19559746605447,0,0,0,0,0,0,0
"metabat1.7.faa_contig436pilon_pilon_2852",1.29185180527056,1.98832176012744,1.64486408351293,0,0,0,0,0,0,0,1.19559746605447,1.99102887400464,0,0,0,0,0,0
"metabat1.7.faa_contig436pilon_pilon_2853",1.29185180527056,0.509913214608311,0,0,0,0,0,0,0,2.17133542639018,0.516148531667395,0,0,0,0,0,0,0
"metabat1.7.faa_contig436pilon_pilon_2854",0.785936028605364,0.88590938112637,0.685058202165542,0,0,0,0,0,0,0,0.516148531667395,1.4777407110858,0,0,0,1.29118405857877,0,0
"metabat1.7.faa_contig436pilon_pilon_2855",0,0.88590938112637,0.934818605712233,0,0,0,0,0,0,0,0.89550771308478,1.4777407110858,0,0,0,0,0,0
"metabat1.7.faa_contig436pilon_pilon_2856",2.41826115096941,2.26773977122091,2.69374376525252,0,0,0,0,0,0,1.73823503865256,2.40635221835154,0.67359331525981,0,0,0,0,0,0
"metabat1.7.faa_contig436pilon_pilon_2857",1.29185180527056,0.509913214608311,0.38281488519608,0,0,2.15407448615294,0,0,0,2.50399368872529,0.516148531667395,0.67359331525981,0,0,0,0,0,0
"metabat1.7.faa_contig436pilon_pilon_2858",0,1.98832176012744,0,0,0,0,0,0,0,0,0.89550771308478,0.67359331525981,0,0,0,0,0,0
"metabat1.7.faa_contig436pilon_pilon_2859",0,0.88590938112637,0.38281488519608,0,0,0,0,0,0,1.11645381230496,0.516148531667395,0.67359331525981,0,0,0,0,0,0
"metabat1.7.faa_contig436pilon_pilon_286",0,1.64146402980544,0.934818605712233,0,0,0,0,0,0,0,1.65565457285634,0.67359331525981,0,0,0,0,0,0
"metabat1.7.faa_contig436pilon_pilon_2861",0,1.18389527239187,0,0,0,0,0,0,0,0,1.19559746605447,1.13098460611101,0,0,0,0,0,0
"metabat1.7.faa_contig436pilon_pilon_2862",1.29185180527056,0.509913214608311,0,0,0,0,0,0,0,0,0,1.13098460611101,0,0,0,0,0,0
"metabat1.7.faa_contig436pilon_pilon_2866",2.20822168944952,1.82529197697292,2.01393892571283,0,0,0.897401199107369,0,0,0,1.11645381230496,0.89550771308478,1.99102887400464,0,1.12312357938219,1.7610687491275,0,0,0
"metabat1.7.faa_contig436pilon_pilon_2867",0.785936028605364,1.43074458043053,1.4973827041834,0,1.80255518101465,0.897401199107369,0,0,0,0,1.44388713727703,0.67359331525981,0,0,0,1.29118405857877,0,0
"metabat1.7.faa_contig436pilon_pilon_2868",1.29185180527056,2.13478485261146,2.99807247709387,0,0,0,0,0,0,1.11645381230496,2.15090332733127,1.99102887400464,0,1.74689798439781,0,0,0,0
"metabat1.7.faa_contig436pilon_pilon_2869",4.14215564005616,2.13478485261146,2.99807247709387,3.69459678192323,3.87637579585834,4.65281984832744,1.37979066905676,1.35258389846972,0,1.11645381230496,2.15090332733127,2.52615053480768,4.70744336219918,5.18370159592075,4.56682531581036,1.29118405857877,1.96219704722974,0
"metabat1.7.faa_contig436pilon_pilon_2870",3.88362101644719,2.60586750229792,3.2023945824784,6.05985296886469,5.63003597023586,6.51702831350707,2.07197274134539,3.13232256184094,2.73291553002157,1.73823503865256,3.26343174462668,2.66797545578142,6.07130484104922,6.21037322659801,6.15966938689627,1.9614664838957,2.41814240401883,2.18262553826444
"metabat1.7.faa_contig436pilon_pilon_2871",0,1.64146402980544,0.934818605712233,0,0,0,0,0,0,0,0.516148531667395,0,0,0,0,0,0,0
"metabat1.7.faa_contig436pilon_pilon_2872",0,1.64146402980544,1.14765426080542,0,0,0,0,0,0,0,0.516148531667395,0.67359331525981,1.71555497817818,0,0,0,1.29176539221842,0
"metabat1.7.faa_contig436pilon_pilon_2873",0,0.509913214608311,1.4973827041834,0,0,1.44647599839007,0,0,0,0,0.89550771308478,1.13098460611101,1.09903579045027,0,0,0,0,1.46983126765765
"metabat1.7.faa_contig436pilon_pilon_2874",1.66568014541256,0.509913214608311,1.14765426080542,0,1.16619325035431,0,0,0,0,0,0,1.75709288071739,0,0,0,0,0,0
"metabat1.7.faa_contig436pilon_pilon_2876",0.785936028605364,1.18389527239187,0.934818605712233,0,0,0,0,0,0,0,1.19559746605447,0,0,0,0,0,0,0
"metabat1.7.faa_contig436pilon_pilon_2877",2.20822168944952,2.38946916323308,2.82327417442235,1.1340537405337,0,0,0,0,0,1.11645381230496,0.516148531667395,2.79709764057128,2.14611569478379,0,0,0,0,0
"metabat1.7.faa_contig436pilon_pilon_2878",0.785936028605364,1.64146402980544,1.14765426080542,0,0,0,0,0,0,0,1.840279242946,1.75709288071739,0,0,0,0,0,0
"metabat1.7.faa_contig436pilon_pilon_288",0,0,1.33308998856978,2.19668159538169,0,1.44647599839007,0,0,0,0,0.516148531667395,0,1.71555497817818,1.74689798439781,0,0,0,0
"metabat1.7.faa_contig436pilon_pilon_2880",0,0.509913214608311,0.38281488519608,0,0,0,0,0,0,0,1.19559746605447,0.67359331525981,0,0,0,0,1.29176539221842,0
"metabat1.7.faa_contig436pilon_pilon_2881",0,1.43074458043053,0.934818605712233,0,0,0,0,0,0,1.11645381230496,0.89550771308478,0,0,0,0,0,0,0
"metabat1.7.faa_contig436pilon_pilon_2883",1.29185180527056,0.88590938112637,1.64486408351293,0,0,0,0,0,0,0,1.44388713727703,1.13098460611101,0,0,0,0,0,0
"metabat1.7.faa_contig436pilon_pilon_2887",0,1.64146402980544,1.14765426080542,0,0,0,0,0,0,0,0,0.67359331525981,0,0,0,0,0,0
"metabat1.7.faa_contig436pilon_pilon_2888",0,0,0.934818605712233,2.19668159538169,0,0,0,0,0,0,0,0,0,0,1.1340537405337,0,0,0
"metabat1.7.faa_contig436pilon_pilon_2891",1.29185180527056,0.509913214608311,0,0,0,0,0,0,0,0,0.516148531667395,0.67359331525981,0,0,0,0,0,0
"metabat1.7.faa_contig436pilon_pilon_2892",0,1.18389527239187,0.685058202165542,0,0,0.897401199107369,0,0,0,0,1.44388713727703,1.4777407110858,0,0,0,0,0,0
"metabat1.7.faa_contig436pilon_pilon_2894",0,2.60586750229792,1.64486408351293,0,0,0.897401199107369,0,0,0,1.11645381230496,2.62330189181478,1.4777407110858,0,0,0,0,0,0
"metabat1.7.faa_contig436pilon_pilon_2895",0,0.509913214608311,0.38281488519608,0,0,0,0,0,0,0,0.89550771308478,0.67359331525981,0,0,0,0,0,0
"metabat1.7.faa_contig436pilon_pilon_2896",1.66568014541256,0.88590938112637,0.685058202165542,0,0,0,0,0,0,0,0.89550771308478,0,0,0,0,0,0,0
"metabat1.7.faa_contig436pilon_pilon_2898",2.20822168944952,1.18389527239187,1.14765426080542,0,0,0,0,0,0,1.73823503865256,0.89550771308478,1.75709288071739,0,0,0,0,0,0
"metabat1.7.faa_contig436pilon_pilon_2899",0.785936028605364,0.88590938112637,0.38281488519608,0,1.16619325035431,0,0,0,0,0,0,0,0,0,0,0,0,0
"metabat1.7.faa_contig436pilon_pilon_290",4.50629212495214,0.509913214608311,1.4973827041834,0,0,0.897401199107369,1.37979066905676,1.35258389846972,0,2.50399368872529,1.19559746605447,2.52615053480768,0,1.12312357938219,0,1.9614664838957,1.29176539221842,0
"metabat1.7.faa_contig436pilon_pilon_2900",0,0.509913214608311,0.934818605712233,0,0,0,0,0,0,0,0.516148531667395,0.67359331525981,0,0,0,0,0,0
"metabat1.7.faa_contig436pilon_pilon_2901",0,1.64146402980544,0.685058202165542,0,0,0.897401199107369,0,0,0,1.11645381230496,1.19559746605447,0,0,0,0,0,0,0
"metabat1.7.faa_contig436pilon_pilon_2902",0,1.64146402980544,0,0,0,0,0,0,0,0,0.89550771308478,1.13098460611101,0,1.12312357938219,0,0,0,0
"metabat1.7.faa_contig436pilon_pilon_2903",0.785936028605364,0,1.14765426080542,0,0,0,0,0,0,0,0.516148531667395,0,0,0,0,0,0,0
"metabat1.7.faa_contig436pilon_pilon_2904",0,1.64146402980544,0.38281488519608,0,0,1.84322922738708,0,0,0,0,0.516148531667395,1.13098460611101,0,1.12312357938219,1.7610687491275,0,0,0
"metabat1.7.faa_contig436pilon_pilon_2905",0,0.509913214608311,0.934818605712233,0,0,0.897401199107369,0,0,0,0,0.516148531667395,0.67359331525981,1.09903579045027,0,1.1340537405337,1.9614664838957,0,0
"metabat1.7.faa_contig436pilon_pilon_2906",0,1.18389527239187,1.14765426080542,1.1340537405337,0,0,0,0,0,0,0,0.67359331525981,0,1.74689798439781,1.1340537405337,0,0,0
"metabat1.7.faa_contig436pilon_pilon_2907",1.96230563626242,0.88590938112637,1.33308998856978,1.1340537405337,1.16619325035431,0,0,0,0,1.11645381230496,1.65565457285634,1.4777407110858,2.14611569478379,2.1809567813732,0,1.29118405857877,1.96219704722974,0
"metabat1.7.faa_contig436pilon_pilon_2908",0,0.509913214608311,0.38281488519608,2.53081550425397,4.10219100005751,1.44647599839007,0,0,0,0,0,0,1.71555497817818,4.31113176005914,2.53081550425397,0,0,0
"metabat1.7.faa_contig436pilon_pilon_2909",1.96230563626242,0.88590938112637,1.4973827041834,4.70540613793849,4.20309351623827,3.96956759739566,0,0,0,0,0.89550771308478,1.13098460611101,3.16909176668987,4.2228593442487,4.04716258700846,0,0,0
"metabat1.7.faa_contig436pilon_pilon_2910",1.29185180527056,1.64146402980544,0.934818605712233,1.7610687491275,1.16619325035431,0,0,0,0,1.73823503865256,0,1.4777407110858,0,0,1.1340537405337,0,0,0
"metabat1.7.faa_contig436pilon_pilon_2911",0.785936028605364,0,1.4973827041834,1.1340537405337,0,0,0,0,0,2.17133542639018,0.89550771308478,1.4777407110858,0,1.74689798439781,0,0,0,0
"metabat1.7.faa_contig436pilon_pilon_2912",1.96230563626242,0.509913214608311,0.38281488519608,0,0,0,0,0,0,0,0.89550771308478,0.67359331525981,0,0,0,0,0,0
"metabat1.7.faa_contig436pilon_pilon_2913",0,0,0.38281488519608,0,0,0,0,0,0,0,1.19559746605447,1.4777407110858,0,0,0,1.29118405857877,0,0
"metabat1.7.faa_contig436pilon_pilon_2915",1.66568014541256,1.18389527239187,1.90108923408269,1.7610687491275,3.08153142491784,1.44647599839007,0,2.0382190429837,2.25257262097379,1.11645381230496,0.89550771308478,2.52615053480768,2.14611569478379,2.78469305237248,0,0,0,0
"metabat1.7.faa_contig436pilon_pilon_2916",1.29185180527056,1.64146402980544,3.33863871741216,0,2.24262160634391,1.44647599839007,0,3.13232256184094,0,2.50399368872529,2.81185139127062,2.91560668555758,0,0,1.7610687491275,0,1.29176539221842,0
"metabat1.7.faa_contig436pilon_pilon_2918",0,1.43074458043053,2.01393892571283,0,0,0,0,1.35258389846972,0,0,0.89550771308478,0,0,0,0,0,0,0
"metabat1.7.faa_contig436pilon_pilon_2919",1.29185180527056,0.509913214608311,1.14765426080542,0,0,0,0,0,0,0,1.44388713727703,0.67359331525981,0,1.74689798439781,0,0,0,0
"metabat1.7.faa_contig436pilon_pilon_292",0.785936028605364,2.38946916323308,1.33308998856978,0,0,0,0,0,0,0,1.840279242946,1.99102887400464,0,0,0,0,0,0
"metabat1.7.faa_contig436pilon_pilon_2920",0,1.43074458043053,0.685058202165542,1.1340537405337,0,0,0,0,0,0,0,0,0,0,0,0,0,0
"metabat1.7.faa_contig436pilon_pilon_2921",0,0.88590938112637,0.38281488519608,0,0,0,0,0,0,0,0,1.99102887400464,0,0,0,0,0,0
"metabat1.7.faa_contig436pilon_pilon_2922",0,1.43074458043053,0.38281488519608,0,0,0,0,0,0,0,0,0,1.09903579045027,1.12312357938219,0,0,0,0
"metabat1.7.faa_contig436pilon_pilon_2924",0,1.64146402980544,1.33308998856978,0,0,0,0,0,0,1.73823503865256,1.19559746605447,1.75709288071739,0,0,0,0,0,0
"metabat1.7.faa_contig436pilon_pilon_2925",0,1.18389527239187,0.38281488519608,0,0,0.897401199107369,0,0,0,0,0,0,0,0,0,0,0,0
"metabat1.7.faa_contig436pilon_pilon_2926",0,0.509913214608311,0.934818605712233,0,0,0,0,0,0,0,0.516148531667395,0,0,0,0,0,0,0
"metabat1.7.faa_contig436pilon_pilon_2927",0,1.18389527239187,0.934818605712233,0,1.16619325035431,0.897401199107369,0,0,0,0,0.89550771308478,0.67359331525981,1.71555497817818,1.74689798439781,1.7610687491275,0,0,0
"metabat1.7.faa_contig436pilon_pilon_2928",0,0.509913214608311,0.685058202165542,0,0,0,0,0,0,0,0.89550771308478,0,0,0,1.1340537405337,0,0,0
"metabat1.7.faa_contig436pilon_pilon_2930",0,0.88590938112637,0,0,0,0,0,0,0,0,0.516148531667395,1.13098460611101,0,0,0,0,0,0
"metabat1.7.faa_contig436pilon_pilon_2931",0,0.509913214608311,0.38281488519608,1.1340537405337,0,0,0,0,0,1.11645381230496,0.516148531667395,0,1.09903579045027,0,0,0,0,0
"metabat1.7.faa_contig436pilon_pilon_294",3.04301307761808,2.50172189281124,3.54051334423247,0,0,4.12030580132953,0,0,0,3.00158663115357,2.51890127711715,3.22196537340036,1.09903579045027,1.12312357938219,1.1340537405337,1.9614664838957,0,0
"metabat1.7.faa_contig436pilon_pilon_2940",0,0.509913214608311,0.685058202165542,0,1.80255518101465,0,0,0,0,0,2.15090332733127,0.67359331525981,1.09903579045027,0,1.1340537405337,0,0,0
"metabat1.7.faa_contig436pilon_pilon_2941",0.785936028605364,1.64146402980544,2.01393892571283,1.1340537405337,1.16619325035431,0.897401199107369,0,1.35258389846972,0,0,2.15090332733127,2.66797545578142,2.14611569478379,1.12312357938219,1.7610687491275,0,0,0
"metabat1.7.faa_contig436pilon_pilon_2942",0,1.64146402980544,0,1.7610687491275,0,0.897401199107369,0,0,0,0,0,0,2.47727817412133,0,0,0,0,0
"metabat1.7.faa_contig436pilon_pilon_2943",0,0.509913214608311,0,2.53081550425397,1.16619325035431,1.84322922738708,0,0,0,0,0,0,2.7464361614707,1.74689798439781,1.7610687491275,0,0,0
"metabat1.7.faa_contig436pilon_pilon_2944",1.29185180527056,0,0,1.1340537405337,0,0,0,0,0,0,0,0,0,1.12312357938219,1.1340537405337,0,0,0
"metabat1.7.faa_contig436pilon_pilon_2945",0,0,0.934818605712233,1.1340537405337,0,0,0,0,0,0,1.19559746605447,0.67359331525981,0,0,0,0,0,0
"metabat1.7.faa_contig436pilon_pilon_2947",0,0,0.38281488519608,0,0,1.44647599839007,0,1.35258389846972,0,0,0,1.13098460611101,0,1.74689798439781,0,0,0,0
"metabat1.7.faa_contig436pilon_pilon_2948",0,2.13478485261146,0.38281488519608,0,0,0,0,0,0,0,1.19559746605447,0.67359331525981,0,0,0,0,0,0
"metabat1.7.faa_contig436pilon_pilon_2949",0,0.509913214608311,0.934818605712233,1.1340537405337,1.16619325035431,0.897401199107369,0,0,0,0,0.516148531667395,0.67359331525981,0,0,0,0,0,0
"metabat1.7.faa_contig436pilon_pilon_295",0.785936028605364,0.509913214608311,0.934818605712233,1.1340537405337,0,1.84322922738708,0,0,0,0,0.89550771308478,0.67359331525981,0,0,0,0,0,0
"metabat1.7.faa_contig436pilon_pilon_2950",1.66568014541256,1.18389527239187,1.4973827041834,0,0,0,0,0,0,1.11645381230496,1.19559746605447,0.67359331525981,0,0,0,0,0,0
"metabat1.7.faa_contig436pilon_pilon_2952",3.27657521655722,1.43074458043053,1.90108923408269,1.1340537405337,0,0.897401199107369,1.37979066905676,2.50107543391484,0,1.73823503865256,1.44388713727703,2.66797545578142,1.71555497817818,0,1.1340537405337,1.29118405857877,2.76406976883088,0
"metabat1.7.faa_contig436pilon_pilon_2953",0,0,0.38281488519608,0,0,0,1.37979066905676,0,0,0,0,1.4777407110858,0,0,0,0,0,0
"metabat1.7.faa_contig436pilon_pilon_2954",1.29185180527056,0.509913214608311,2.11859814958117,1.1340537405337,0,0.897401199107369,0,0,0,0,0,0.67359331525981,1.09903579045027,1.12312357938219,3.03006654447673,0,0,0
"metabat1.7.faa_contig436pilon_pilon_2955",0,1.18389527239187,0.934818605712233,0,0,0,0,0,0,0,0,1.99102887400464,0,0,0,0,0,0
"metabat1.7.faa_contig436pilon_pilon_2956",0,0.88590938112637,0.934818605712233,1.1340537405337,0,0,0,0,0,0,0,0,0,0,0,0,0,0
"metabat1.7.faa_contig436pilon_pilon_2957",0,0,0.38281488519608,1.7610687491275,2.24262160634391,0,0,0,0,0,0,0.67359331525981,0,1.74689798439781,1.1340537405337,0,0,0
"metabat1.7.faa_contig436pilon_pilon_2958",4.6793765910378,4.49966677470392,5.0926849674558,1.7610687491275,3.60853581039944,4.25677358996901,2.53777273352371,1.35258389846972,1.52740029239538,3.52521753160707,4.43605163491336,4.91442094204033,4.18044402661824,3.38203703533331,2.53081550425397,1.29118405857877,0,0
"metabat1.7.faa_contig436pilon_pilon_2959",1.29185180527056,1.18389527239187,0.685058202165542,0,1.16619325035431,0.897401199107369,0,0,1.52740029239538,0,1.65565457285634,0.67359331525981,0,0,0,1.29118405857877,0,0
"metabat1.7.faa_contig436pilon_pilon_296",0,1.18389527239187,1.14765426080542,3.55492163421865,3.08153142491784,3.88784897214272,0,0,0,0,0.516148531667395,0,3.63472659822075,3.20902661097063,1.1340537405337,0,1.29176539221842,0
"metabat1.7.faa_contig436pilon_pilon_2961",2.76419434237269,2.70299855236506,1.64486408351293,0,1.16619325035431,0.897401199107369,1.37979066905676,3.74733658981631,2.25257262097379,3.00158663115357,2.62330189181478,3.22196537340036,2.47727817412133,1.12312357938219,1.7610687491275,3.27556281317695,1.96219704722974,3.01428027122686
"metabat1.7.faa_contig436pilon_pilon_2962",1.29185180527056,1.43074458043053,1.33308998856978,0,0,0,0,0,0,0,1.840279242946,1.13098460611101,0,0,0,0,0,0
"metabat1.7.faa_contig436pilon_pilon_2965",0,0.88590938112637,0.685058202165542,0,0,0,0,0,0,0,0.89550771308478,0,0,0,0,0,0,0
"metabat1.7.faa_contig436pilon_pilon_2966",1.29185180527056,1.98832176012744,2.01393892571283,0,1.16619325035431,0,0,0,0,1.73823503865256,1.44388713727703,2.19227141791183,0,1.12312357938219,0,0,0,0
"metabat1.7.faa_contig436pilon_pilon_2967",0.785936028605364,1.18389527239187,1.33308998856978,1.1340537405337,0,0,0,0,0,0,0.516148531667395,0.67359331525981,0,0,0,0,0,0
"metabat1.7.faa_contig436pilon_pilon_2968",3.27657521655722,2.50172189281124,2.69374376525252,1.7610687491275,1.16619325035431,1.44647599839007,0,0,0,1.11645381230496,2.72065470380689,2.36884809447434,0,1.74689798439781,0,0,0,0
"metabat1.7.faa_contig436pilon_pilon_2969",0.785936028605364,0.509913214608311,0.934818605712233,0,0,0,0,0,0,0,2.00393517636671,0,0,0,0,0,0,0
"metabat1.7.faa_contig436pilon_pilon_297",0,0.88590938112637,1.14765426080542,0,0,0,0,0,0,0,1.65565457285634,0.67359331525981,0,1.12312357938219,0,0,0,0
"metabat1.7.faa_contig436pilon_pilon_2970",0,0.88590938112637,1.33308998856978,0,1.16619325035431,0,0,0,0,1.11645381230496,0,0.67359331525981,0,0,1.1340537405337,0,0,0
"metabat1.7.faa_contig436pilon_pilon_2971",0.785936028605364,0.88590938112637,0.685058202165542,0,0,0,0,0,0,0,0,0.67359331525981,0,0,0,0,0,0
"metabat1.7.faa_contig436pilon_pilon_2972",1.66568014541256,1.98832176012744,1.64486408351293,1.1340537405337,0,0.897401199107369,0,0,0,1.11645381230496,1.44388713727703,2.66797545578142,0,0,0,0,0,0
"metabat1.7.faa_contig436pilon_pilon_2973",0.785936028605364,0,0,0,0,0.897401199107369,0,0,0,0,0.516148531667395,1.75709288071739,0,0,1.1340537405337,0,0,0
"metabat1.7.faa_contig436pilon_pilon_2975",0.785936028605364,0.509913214608311,1.90108923408269,0,0,0,0,0,0,0,0.516148531667395,1.99102887400464,0,0,0,0,0,0
"metabat1.7.faa_contig436pilon_pilon_2976",0,0.88590938112637,0.685058202165542,0,0,0,0,0,0,0,1.19559746605447,0.67359331525981,0,0,0,0,0,0
"metabat1.7.faa_contig436pilon_pilon_2977",1.29185180527056,0,0.38281488519608,0,0,0,0,0,0,0,1.65565457285634,0,0,0,0,0,0,0
"metabat1.7.faa_contig436pilon_pilon_298",0.785936028605364,0.509913214608311,0,0,0,0,0,0,0,0,1.19559746605447,0,0,0,0,0,0,0
"metabat1.7.faa_contig436pilon_pilon_2980",0,1.18389527239187,0,1.1340537405337,0,0,0,0,0,0,0.89550771308478,0,0,0,0,0,0,0
"metabat1.7.faa_contig436pilon_pilon_2981",0,0.509913214608311,0.38281488519608,0,0,0,0,0,0,2.17133542639018,0,0.67359331525981,0,1.74689798439781,0,0,0,0
"metabat1.7.faa_contig436pilon_pilon_2982",1.29185180527056,0,0.934818605712233,0,0,0.897401199107369,0,0,0,0,1.44388713727703,0.67359331525981,0,0,0,0,0,0
"metabat1.7.faa_contig436pilon_pilon_2983",0.785936028605364,1.18389527239187,1.64486408351293,0,1.80255518101465,1.44647599839007,0,0,0,0,1.65565457285634,1.13098460611101,1.09903579045027,0,0,0,0,0
"metabat1.7.faa_contig436pilon_pilon_2984",0.785936028605364,1.43074458043053,2.62433913730106,0,1.16619325035431,0.897401199107369,0,0,0,0,1.840279242946,2.66797545578142,0,0,0,0,0,1.46983126765765
"metabat1.7.faa_contig436pilon_pilon_2985",3.04301307761808,1.43074458043053,2.5514261270497,0,0,0.897401199107369,1.37979066905676,0,0,2.77413745748303,2.72065470380689,2.91560668555758,0,0,0,0,0,0
"metabat1.7.faa_contig436pilon_pilon_2986",1.66568014541256,1.82529197697292,1.90108923408269,0,0,0,0,0,0,2.17133542639018,2.51890127711715,1.13098460611101,0,0,0,1.29118405857877,0,0
"metabat1.7.faa_contig436pilon_pilon_2987",0,1.82529197697292,1.64486408351293,4.77000461515964,3.60853581039944,4.12030580132953,0,0,0,0,0.516148531667395,1.4777407110858,3.76163235739226,4.61845081814195,1.7610687491275,0,0,0
"metabat1.7.faa_contig436pilon_pilon_2988",1.96230563626242,2.13478485261146,2.47463106669557,0,2.57936124805689,0.897401199107369,1.37979066905676,0,0,0,2.97858288508698,2.36884809447434,2.14611569478379,0,1.1340537405337,0,1.29176539221842,0
"metabat1.7.faa_contig436pilon_pilon_2989",1.29185180527056,0,0,0,0,0.897401199107369,0,0,0,0,0.516148531667395,0,0,1.12312357938219,1.1340537405337,0,0,0
"metabat1.7.faa_contig436pilon_pilon_299",1.66568014541256,0.509913214608311,0.934818605712233,0,0,0.897401199107369,0,0,0,0,0.89550771308478,0.67359331525981,0,0,0,0,0,0
"metabat1.7.faa_contig436pilon_pilon_2990",1.29185180527056,1.82529197697292,1.14765426080542,0,0,0,0,0,0,0,1.65565457285634,1.13098460611101,0,0,0,0,0,0
"metabat1.7.faa_contig436pilon_pilon_2991",0,0.509913214608311,1.33308998856978,0,0,0,0,0,0,0,1.19559746605447,0,0,0,1.1340537405337,0,0,0
"metabat1.7.faa_contig436pilon_pilon_2992",1.29185180527056,1.43074458043053,0.934818605712233,0,0,2.15407448615294,0,0,0,0,1.19559746605447,1.13098460611101,0,1.12312357938219,0,0,0,0
"metabat1.7.faa_contig436pilon_pilon_2993",0.785936028605364,1.18389527239187,1.4973827041834,1.1340537405337,0,0.897401199107369,0,0,0,0,0.516148531667395,1.13098460611101,0,1.12312357938219,0,0,0,0
"metabat1.7.faa_contig436pilon_pilon_2994",2.41826115096941,2.13478485261146,2.94212696831667,1.1340537405337,0,0.897401199107369,0,0,0,0,2.40635221835154,1.99102887400464,1.09903579045027,0,0,0,0,0
"metabat1.7.faa_contig436pilon_pilon_2995",1.29185180527056,1.82529197697292,1.4973827041834,1.1340537405337,0,0,0,2.85095210606296,0,0,1.19559746605447,1.75709288071739,0,0,1.1340537405337,0,0,0
"metabat1.7.faa_contig436pilon_pilon_2996",1.66568014541256,1.64146402980544,2.01393892571283,0,1.16619325035431,0.897401199107369,0,0,0,1.11645381230496,1.19559746605447,1.75709288071739,0,0,0,0,0,0
"metabat1.7.faa_contig436pilon_pilon_2997",0.785936028605364,0.509913214608311,1.77865745269737,0,0,0,0,0,0,0,1.840279242946,1.4777407110858,0,0,1.1340537405337,0,0,0
"metabat1.7.faa_contig436pilon_pilon_2998",3.38055467503265,2.26773977122091,3.93381062383076,0,0,0,0,0,0,3.52521753160707,2.28427424259072,3.75444463520928,0,0,0,0,0,0
"metabat1.7.faa_contig436pilon_pilon_2999",3.16451550209409,3.73280877905224,4.21918698774103,2.19668159538169,1.16619325035431,1.84322922738708,1.37979066905676,0,0,3.52521753160707,3.96573769107443,4.82638965112405,0,0,0,0,0,0
"metabat1.7.faa_contig436pilon_pilon_30",0,0.88590938112637,0.685058202165542,0,0,0,0,0,0,0,0.516148531667395,0,0,0,0,0,0,0
"metabat1.7.faa_contig436pilon_pilon_300",2.41826115096941,1.64146402980544,3.61396611367724,1.7610687491275,1.16619325035431,0.897401199107369,2.07197274134539,3.13232256184094,3.09265345005153,3.19801267565096,2.72065470380689,3.75444463520928,2.14611569478379,1.12312357938219,1.1340537405337,2.41734347868894,1.29176539221842,3.92211787784474
"metabat1.7.faa_contig436pilon_pilon_3000",2.91032890151629,2.13478485261146,3.54051334423247,0,1.80255518101465,2.81536084815067,0,0,0,2.17133542639018,2.40635221835154,2.66797545578142,1.09903579045027,0,2.19668159538169,0,0,0
"metabat1.7.faa_contig436pilon_pilon_3001",2.41826115096941,1.98832176012744,2.11859814958117,0,0,2.40967275086044,0,0,0,0,0.89550771308478,2.79709764057128,1.71555497817818,0,0,0,0,0
"metabat1.7.faa_contig436pilon_pilon_3002",0,0,0.685058202165542,0,0,0.897401199107369,0,0,0,0,0.516148531667395,0.67359331525981,1.09903579045027,0,1.1340537405337,0,0,0
"metabat1.7.faa_contig436pilon_pilon_3003",1.66568014541256,0.509913214608311,0.934818605712233,0,0,1.44647599839007,0,0,0,0,0.89550771308478,0.67359331525981,0,0,1.7610687491275,0,0,0
"metabat1.7.faa_contig436pilon_pilon_3004",0,0,1.33308998856978,0,0,0,0,0,0,0,0,1.99102887400464,0,1.74689798439781,0,0,0,0
"metabat1.7.faa_contig436pilon_pilon_3005",3.04301307761808,2.87960148378125,3.2023945824784,3.03006654447673,3.08153142491784,4.04690451631809,0,0,0,2.77413745748303,2.62330189181478,3.12689527349591,2.97318671073354,3.20902661097063,3.22700466328771,0,0,0
"metabat1.7.faa_contig436pilon_pilon_3006",0,1.43074458043053,1.33308998856978,3.03006654447673,2.24262160634391,2.15407448615294,2.07197274134539,0,0,0,0.516148531667395,1.99102887400464,2.47727817412133,1.12312357938219,1.7610687491275,0,0,0
"metabat1.7.faa_contig436pilon_pilon_3007",1.66568014541256,1.18389527239187,1.4973827041834,1.1340537405337,1.16619325035431,0,0,0,0,0,2.00393517636671,1.13098460611101,1.09903579045027,1.12312357938219,1.1340537405337,0,0,0
"metabat1.7.faa_contig436pilon_pilon_3008",1.29185180527056,0,0.685058202165542,0,1.80255518101465,0,0,0,0,0,0.89550771308478,0,0,1.74689798439781,0,0,0,0
"metabat1.7.faa_contig436pilon_pilon_3009",0,2.13478485261146,2.01393892571283,1.1340537405337,0,0,0,0,0,0,2.00393517636671,2.19227141791183,0,0,0,0,0,0
"metabat1.7.faa_contig436pilon_pilon_301",1.29185180527056,0.88590938112637,1.64486408351293,0,0,0,0,0,0,2.50399368872529,4.49227692048488,1.4777407110858,0,0,0,0,0,0
"metabat1.7.faa_contig436pilon_pilon_3010",0,1.43074458043053,1.33308998856978,0,0,0,0,0,0,0,1.19559746605447,0,0,1.12312357938219,0,0,0,0
"metabat1.7.faa_contig436pilon_pilon_3011",2.60157159760965,2.13478485261146,2.47463106669557,0,1.16619325035431,1.84322922738708,0,0,3.09265345005153,3.00158663115357,1.65565457285634,2.52615053480768,1.71555497817818,1.12312357938219,1.7610687491275,1.9614664838957,1.29176539221842,0
"metabat1.7.faa_contig436pilon_pilon_3012",0,0.509913214608311,1.33308998856978,0,0,0,0,0,0,0,0.516148531667395,0,0,0,2.19668159538169,0,0,0
"metabat1.7.faa_contig436pilon_pilon_3013",0.785936028605364,1.64146402980544,1.77865745269737,0,0,0,0,0,0,0,0.89550771308478,0,1.09903579045027,1.12312357938219,0,0,0,0
"metabat1.7.faa_contig436pilon_pilon_3014",1.96230563626242,0.509913214608311,1.64486408351293,0,0,0.897401199107369,0,0,0,1.11645381230496,1.44388713727703,2.19227141791183,2.14611569478379,0,0,1.29118405857877,0,0
"metabat1.7.faa_contig436pilon_pilon_3015",1.96230563626242,1.64146402980544,0.934818605712233,0,1.80255518101465,0,0,0,0,0,2.15090332733127,1.13098460611101,1.09903579045027,0,0,0,0,0
"metabat1.7.faa_contig436pilon_pilon_3016",2.41826115096941,1.18389527239187,2.5514261270497,1.1340537405337,2.24262160634391,0.897401199107369,0,0,0,2.17133542639018,2.51890127711715,1.75709288071739,1.71555497817818,1.74689798439781,1.1340537405337,0,0,0
"metabat1.7.faa_contig436pilon_pilon_3018",0,0,0.38281488519608,1.7610687491275,0,0,0,0,0,0,0.516148531667395,0,0,0,0,0,0,1.46983126765765
"metabat1.7.faa_contig436pilon_pilon_3019",1.66568014541256,2.87960148378125,2.94212696831667,3.9389394714275,1.80255518101465,3.80122214990775,0,0,0,1.11645381230496,2.97858288508698,2.91560668555758,4.43015586448505,3.20902661097063,3.69459678192323,1.29118405857877,1.29176539221842,0
"metabat1.7.faa_contig436pilon_pilon_302",1.96230563626242,2.50172189281124,2.69374376525252,0,0,0.897401199107369,0,0,0,1.11645381230496,5.4598650737128,2.79709764057128,0,0,0,0,0,0
"metabat1.7.faa_contig436pilon_pilon_3020",1.96230563626242,2.26773977122091,2.47463106669557,0,0,2.15407448615294,0,1.35258389846972,0,1.11645381230496,2.00393517636671,2.52615053480768,1.09903579045027,2.51417842914998,0,2.41734347868894,0,0
"metabat1.7.faa_contig436pilon_pilon_3021",1.96230563626242,2.50172189281124,3.2023945824784,0,1.16619325035431,0.897401199107369,1.37979066905676,0,0,1.11645381230496,3.44533485995722,3.12689527349591,1.09903579045027,1.74689798439781,0,0,0,0
"metabat1.7.faa_contig436pilon_pilon_3022",2.20822168944952,1.64146402980544,1.64486408351293,0,0,1.44647599839007,0,0,0,1.11645381230496,1.44388713727703,1.99102887400464,1.71555497817818,1.12312357938219,0,0,0,0
"metabat1.7.faa_contig436pilon_pilon_3024",1.29185180527056,0.509913214608311,0.685058202165542,0,0,0.897401199107369,0,0,0,0,0.516148531667395,0,0,0,0,1.29118405857877,0,0
"metabat1.7.faa_contig436pilon_pilon_3025",0.785936028605364,0.88590938112637,0.934818605712233,0,0,0,0,0,0,0,0,1.13098460611101,0,0,0,0,0,0
"metabat1.7.faa_contig436pilon_pilon_3026",0,0.509913214608311,2.11859814958117,0,1.16619325035431,1.84322922738708,0,0,0,1.11645381230496,1.65565457285634,1.99102887400464,1.09903579045027,1.12312357938219,0,0,0,0
"metabat1.7.faa_contig436pilon_pilon_3027",0.785936028605364,0.509913214608311,0.38281488519608,0,0,0.897401199107369,0,0,0,0,0.516148531667395,1.75709288071739,0,0,0,0,0,0
"metabat1.7.faa_contig436pilon_pilon_3028",1.66568014541256,1.64146402980544,2.11859814958117,1.1340537405337,0,0.897401199107369,1.37979066905676,0,0,1.11645381230496,0,1.99102887400464,1.71555497817818,0,1.7610687491275,0,0,0
"metabat1.7.faa_contig436pilon_pilon_3029",1.96230563626242,0,0.685058202165542,0,1.16619325035431,2.62673007810211,0,0,0,0,0.516148531667395,0.67359331525981,2.97318671073354,0,0,0,0,0
"metabat1.7.faa_contig436pilon_pilon_303",1.66568014541256,1.18389527239187,0.685058202165542,0,0,0,0,0,0,0,1.19559746605447,0.67359331525981,0,0,0,0,0,0
"metabat1.7.faa_contig436pilon_pilon_3030",0,0.88590938112637,0.685058202165542,0,0,0,1.37979066905676,0,0,2.50399368872529,0.516148531667395,0,0,0,0,0,0,0
"metabat1.7.faa_contig436pilon_pilon_3031",0.785936028605364,0.509913214608311,0,0,0,0,0,0,0,0,0.89550771308478,0,0,0,2.53081550425397,0,0,0
"metabat1.7.faa_contig436pilon_pilon_3034",2.41826115096941,2.70299855236506,3.57770714640537,1.1340537405337,1.16619325035431,0,0,0,0,0,2.97858288508698,3.31115602998447,1.09903579045027,1.12312357938219,2.53081550425397,0,0,0
"metabat1.7.faa_contig436pilon_pilon_3035",1.29185180527056,0.509913214608311,0.38281488519608,0,0,0,0,0,0,0,0,1.13098460611101,0,0,0,0,0,0
"metabat1.7.faa_contig436pilon_pilon_3036",0,0.509913214608311,0.38281488519608,0,0,1.44647599839007,0,0,0,0,0,0,1.09903579045027,0,0,0,0,0
"metabat1.7.faa_contig436pilon_pilon_3037",1.66568014541256,1.82529197697292,1.33308998856978,0,0,0,0,0,0,0,1.44388713727703,1.13098460611101,0,1.12312357938219,0,0,0,0
"metabat1.7.faa_contig436pilon_pilon_3039",2.41826115096941,3.17876660480948,3.2023945824784,0,1.16619325035431,0.897401199107369,0,0,0,2.77413745748303,2.62330189181478,3.31115602998447,1.71555497817818,1.12312357938219,1.1340537405337,0,0,0
"metabat1.7.faa_contig436pilon_pilon_3040",3.27657521655722,2.50172189281124,3.46311926836477,0,2.24262160634391,1.44647599839007,0,0,0,2.50399368872529,3.05523864457788,3.75444463520928,1.09903579045027,1.12312357938219,0,0,0,0
"metabat1.7.faa_contig436pilon_pilon_3041",2.20822168944952,2.13478485261146,2.01393892571283,2.19668159538169,0,0,0,0,0,0,1.44388713727703,1.99102887400464,0,1.12312357938219,0,0,0,0
"metabat1.7.faa_contig436pilon_pilon_3042",0,0.509913214608311,1.14765426080542,0,0,0,0,0,0,0,1.19559746605447,0,0,0,0,1.29118405857877,0,0
"metabat1.7.faa_contig436pilon_pilon_3043",1.29185180527056,0.88590938112637,0.685058202165542,0,0,0,0,0,0,0,2.15090332733127,1.13098460611101,0,0,0,0,0,0
"metabat1.7.faa_contig436pilon_pilon_3044",1.29185180527056,1.64146402980544,0.38281488519608,0,0,0,0,0,0,0,0.516148531667395,0,0,0,0,0,0,0
"metabat1.7.faa_contig436pilon_pilon_3045",0,0.88590938112637,0.934818605712233,0,0,0,0,0,0,0,1.19559746605447,0.67359331525981,0,0,0,0,0,0
"metabat1.7.faa_contig436pilon_pilon_3046",0,1.18389527239187,0.38281488519608,0,0,0,1.37979066905676,1.35258389846972,0,2.17133542639018,1.44388713727703,0.67359331525981,0,0,0,0,0,0
"metabat1.7.faa_contig436pilon_pilon_3047",0.785936028605364,1.64146402980544,0.934818605712233,0,0,0,0,0,0,0,0.89550771308478,1.13098460611101,1.09903579045027,0,0,0,0,0
"metabat1.7.faa_contig436pilon_pilon_3048",2.91032890151629,2.96040653444993,3.4228074703425,1.7610687491275,0,2.15407448615294,2.07197274134539,1.35258389846972,0,1.73823503865256,2.15090332733127,2.36884809447434,3.16909176668987,1.12312357938219,0,0,0,0
"metabat1.7.faa_contig436pilon_pilon_3049",0,2.26773977122091,2.01393892571283,0,0,0.897401199107369,0,0,0,0,1.840279242946,2.66797545578142,0,1.12312357938219,0,0,0,0
"metabat1.7.faa_contig436pilon_pilon_3050",0,0.509913214608311,0.38281488519608,0,0,0,0,0,0,1.11645381230496,1.19559746605447,0.67359331525981,0,0,0,0,0,0
"metabat1.7.faa_contig436pilon_pilon_3051",0.785936028605364,0.88590938112637,0,0,0,0,0,0,0,0,0.89550771308478,0.67359331525981,0,0,0,0,0,0
"metabat1.7.faa_contig436pilon_pilon_3052",0.785936028605364,0.88590938112637,1.33308998856978,0,0,0,0,0,0,1.11645381230496,0.89550771308478,0,1.71555497817818,0,0,0,0,0
"metabat1.7.faa_contig436pilon_pilon_3053",0.785936028605364,0,0.934818605712233,0,0,0,0,0,0,0,0.516148531667395,0.67359331525981,0,0,0,0,0,0
"metabat1.7.faa_contig436pilon_pilon_3055",1.96230563626242,0.88590938112637,0.934818605712233,0,0,0,0,0,0,0,2.00393517636671,0,0,0,0,0,0,0
"metabat1.7.faa_contig436pilon_pilon_3056",1.66568014541256,1.64146402980544,1.4973827041834,0,0,1.44647599839007,0,0,0,0,0,1.4777407110858,0,0,0,0,0,0
"metabat1.7.faa_contig436pilon_pilon_3057",0,1.43074458043053,2.11859814958117,0,0,0,0,0,0,1.73823503865256,1.19559746605447,1.13098460611101,0,0,0,0,0,0
"metabat1.7.faa_contig436pilon_pilon_3058",0.785936028605364,1.43074458043053,0.934818605712233,0,0,0,0,0,0,0,0.516148531667395,0.67359331525981,0,0,0,0,0,0
"metabat1.7.faa_contig436pilon_pilon_3059",1.29185180527056,0.509913214608311,1.77865745269737,0,0,0,0,0,0,1.11645381230496,1.44388713727703,1.13098460611101,0,0,0,0,0,0
"metabat1.7.faa_contig436pilon_pilon_3060",0,1.18389527239187,0.934818605712233,0,0,0,0,0,0,0,0,0.67359331525981,0,0,0,0,0,0
"metabat1.7.faa_contig436pilon_pilon_3061",0.785936028605364,0.88590938112637,0,0,0,0.897401199107369,0,0,0,0,0.516148531667395,0.67359331525981,1.09903579045027,0,1.1340537405337,0,0,0
"metabat1.7.faa_contig436pilon_pilon_3063",0,0,1.14765426080542,0,0,0,0,0,0,0,0.516148531667395,0,0,0,0,0,0,0
"metabat1.7.faa_contig436pilon_pilon_3064",0,0,0,0,0,0.897401199107369,0,0,0,0,0.89550771308478,0.67359331525981,1.09903579045027,0,0,0,0,0
"metabat1.7.faa_contig436pilon_pilon_3066",0,0.88590938112637,1.64486408351293,0,0,0,0,0,0,0,0.516148531667395,1.4777407110858,0,0,0,0,0,0
"metabat1.7.faa_contig436pilon_pilon_3067",0.785936028605364,0.509913214608311,1.90108923408269,0,0,0,0,0,0,0,1.19559746605447,1.99102887400464,0,0,0,1.29118405857877,0,0
"metabat1.7.faa_contig436pilon_pilon_3069",0,0.88590938112637,0.934818605712233,0,0,0,0,0,0,0,1.840279242946,1.75709288071739,0,0,0,0,0,0
"metabat1.7.faa_contig436pilon_pilon_307",1.29185180527056,1.18389527239187,1.14765426080542,0,0,0,0,0,0,0,0,0,0,0,0,0,0,0
"metabat1.7.faa_contig436pilon_pilon_3071",0,0.509913214608311,0.934818605712233,0,1.16619325035431,0,0,0,0,0,0,1.13098460611101,0,0,0,0,0,0
"metabat1.7.faa_contig436pilon_pilon_3072",0,0.509913214608311,0.685058202165542,0,0,0,0,0,0,0,0.89550771308478,1.13098460611101,0,0,0,0,0,0
"metabat1.7.faa_contig436pilon_pilon_3075",0,1.64146402980544,0.38281488519608,0,0,0,0,0,0,1.73823503865256,0.89550771308478,0.67359331525981,0,0,1.7610687491275,0,0,0
"metabat1.7.faa_contig436pilon_pilon_3076",1.29185180527056,0,0.934818605712233,0,0,0.897401199107369,0,0,0,2.17133542639018,0.516148531667395,1.4777407110858,1.09903579045027,0,0,0,0,0
"metabat1.7.faa_contig436pilon_pilon_3077",0,0.88590938112637,1.14765426080542,0,0,0,0,0,0,0,0.516148531667395,0,1.09903579045027,0,0,0,0,0
"metabat1.7.faa_contig436pilon_pilon_3078",1.29185180527056,1.64146402980544,1.14765426080542,0,0,0,0,0,0,0,0.89550771308478,0.67359331525981,0,0,0,0,0,0
"metabat1.7.faa_contig436pilon_pilon_308",0,0.88590938112637,0.685058202165542,0,0,0,0,0,0,1.11645381230496,0.89550771308478,1.13098460611101,0,0,0,0,0,0
"metabat1.7.faa_contig436pilon_pilon_3082",0,0.509913214608311,0.934818605712233,0,0,0,0,0,0,0,0.89550771308478,0,1.09903579045027,0,0,0,0,0
"metabat1.7.faa_contig436pilon_pilon_3083",1.29185180527056,2.96040653444993,1.77865745269737,0,1.16619325035431,0,0,0,0,1.11645381230496,1.65565457285634,1.4777407110858,2.14611569478379,0,0,0,0,0
"metabat1.7.faa_contig436pilon_pilon_3085",2.20822168944952,1.18389527239187,1.33308998856978,0,0,0,0,0,0,1.11645381230496,1.840279242946,1.13098460611101,1.09903579045027,1.12312357938219,0,0,0,0
"metabat1.7.faa_contig436pilon_pilon_3086",0,1.64146402980544,2.11859814958117,1.1340537405337,0,0,0,0,0,1.11645381230496,1.19559746605447,1.75709288071739,0,0,0,0,0,0
"metabat1.7.faa_contig436pilon_pilon_3087",0,0.88590938112637,0.685058202165542,0,0,0,0,0,0,0,0.516148531667395,0,0,0,0,0,0,0
"metabat1.7.faa_contig436pilon_pilon_3088",0,1.43074458043053,0.685058202165542,0,0,0,0,0,0,0,1.19559746605447,0.67359331525981,1.09903579045027,1.12312357938219,0,0,0,0
"metabat1.7.faa_contig436pilon_pilon_3089",0,0.509913214608311,1.77865745269737,0,0,0,0,0,0,0,0.516148531667395,0,0,0,0,0,0,0
"metabat1.7.faa_contig436pilon_pilon_309",0,0.88590938112637,1.14765426080542,0,0,0,0,0,0,0,1.19559746605447,0,0,0,0,0,0,0
"metabat1.7.faa_contig436pilon_pilon_3091",0,0,1.4973827041834,0,0,0,0,0,0,0,0.516148531667395,0.67359331525981,0,0,0,0,0,0
"metabat1.7.faa_contig436pilon_pilon_3094",1.96230563626242,0.509913214608311,1.4973827041834,2.19668159538169,2.24262160634391,1.84322922738708,0,0,0,1.11645381230496,1.65565457285634,1.13098460611101,1.71555497817818,2.1809567813732,2.19668159538169,0,0,0
"metabat1.7.faa_contig436pilon_pilon_3095",0,1.18389527239187,1.4973827041834,0,0,0,0,0,0,0,0.516148531667395,0.67359331525981,1.09903579045027,0,0,0,0,0
"metabat1.7.faa_contig436pilon_pilon_3096",0.785936028605364,0.509913214608311,1.4973827041834,1.1340537405337,1.80255518101465,1.44647599839007,0,1.35258389846972,0,0,0.516148531667395,0.67359331525981,2.47727817412133,0,1.1340537405337,0,2.41814240401883,0
"metabat1.7.faa_contig436pilon_pilon_3097",1.96230563626242,2.26773977122091,2.30756971923906,1.1340537405337,0,0.897401199107369,0,0,0,2.17133542639018,1.840279242946,2.66797545578142,0,0,1.1340537405337,0,0,0
"metabat1.7.faa_contig436pilon_pilon_3098",0,0,0,0,0,0,0,0,0,1.11645381230496,0.89550771308478,1.13098460611101,0,0,0,0,0,0
"metabat1.7.faa_contig436pilon_pilon_31",0,0.509913214608311,0,0,0,0,0,0,0,0,1.44388713727703,0.67359331525981,1.09903579045027,1.74689798439781,0,0,0,0
"metabat1.7.faa_contig436pilon_pilon_310",0,0.88590938112637,0.934818605712233,0,0,0,0,0,0,0,0,0,0,0,0,0,0,0
"metabat1.7.faa_contig436pilon_pilon_3100",0,0,0,1.1340537405337,0,0.897401199107369,0,0,0,0,1.19559746605447,0,0,0,0,0,0,0
"metabat1.7.faa_contig436pilon_pilon_3101",1.29185180527056,0.88590938112637,2.21617578280615,0,0,0.897401199107369,0,0,0,0,0,1.4777407110858,2.97318671073354,2.78469305237248,0,0,0,0
"metabat1.7.faa_contig436pilon_pilon_3102",1.29185180527056,2.38946916323308,2.11859814958117,1.7610687491275,0,0.897401199107369,0,0,0,0,1.65565457285634,1.4777407110858,0,2.51417842914998,1.1340537405337,0,0,0
"metabat1.7.faa_contig436pilon_pilon_3105",0,0.88590938112637,1.64486408351293,0,0,0,0,0,0,2.77413745748303,1.44388713727703,0.67359331525981,1.09903579045027,0,0,0,0,0
"metabat1.7.faa_contig436pilon_pilon_3106",1.66568014541256,2.70299855236506,2.39351721646857,0,1.16619325035431,1.44647599839007,1.37979066905676,0,0,0,2.97858288508698,2.66797545578142,0,0,0,1.29118405857877,0,0
"metabat1.7.faa_contig436pilon_pilon_3107",0,1.18389527239187,0.685058202165542,0,0,0,0,0,0,0,0.89550771308478,0.67359331525981,0,0,0,0,0,0
"metabat1.7.faa_contig436pilon_pilon_3108",0,0,0.685058202165542,0,0,0.897401199107369,0,0,0,0,1.19559746605447,0,0,0,0,0,0,0
"metabat1.7.faa_contig436pilon_pilon_311",0.785936028605364,1.18389527239187,0.934818605712233,0,0,0,0,0,0,0,1.65565457285634,0.67359331525981,0,0,0,0,1.29176539221842,0
"metabat1.7.faa_contig436pilon_pilon_3110",0.785936028605364,2.13478485261146,2.21617578280615,0,0,0,0,0,0,1.73823503865256,1.44388713727703,1.13098460611101,0,0,0,0,0,0
"metabat1.7.faa_contig436pilon_pilon_3112",0.785936028605364,0.88590938112637,0.38281488519608,0,0,0,0,0,0,0,0.516148531667395,0.67359331525981,0,0,0,0,0,0
"metabat1.7.faa_contig436pilon_pilon_3113",1.66568014541256,1.64146402980544,1.14765426080542,1.1340537405337,1.16619325035431,0,0,0,0,0,1.19559746605447,1.75709288071739,1.09903579045027,0,0,0,0,0
"metabat1.7.faa_contig436pilon_pilon_3114",0.785936028605364,2.13478485261146,1.90108923408269,0,0,0,0,0,0,2.77413745748303,2.00393517636671,2.66797545578142,0,0,0,0,0,0
"metabat1.7.faa_contig436pilon_pilon_3117",0,0.509913214608311,1.4973827041834,0,0,0,0,0,0,0,0.89550771308478,0.67359331525981,0,0,0,1.29118405857877,0,0
"metabat1.7.faa_contig436pilon_pilon_3118",0.785936028605364,0.88590938112637,1.33308998856978,0,0,0.897401199107369,0,0,0,0,0.89550771308478,1.4777407110858,0,0,1.1340537405337,0,0,0
"metabat1.7.faa_contig436pilon_pilon_3119",0.785936028605364,1.82529197697292,1.14765426080542,0,0,0,0,0,1.52740029239538,0,1.44388713727703,1.4777407110858,1.09903579045027,0,0,0,0,0
"metabat1.7.faa_contig436pilon_pilon_312",1.66568014541256,0.509913214608311,1.64486408351293,0,0,0,0,0,0,0,2.62330189181478,0.67359331525981,0,0,0,0,0,0
"metabat1.7.faa_contig436pilon_pilon_3121",0,0.509913214608311,1.4973827041834,0,0,0.897401199107369,0,0,0,0,1.19559746605447,1.4777407110858,1.09903579045027,0,1.7610687491275,0,0,0
"metabat1.7.faa_contig436pilon_pilon_3122",0.785936028605364,0.88590938112637,1.14765426080542,1.1340537405337,0,0,0,0,0,0,0,1.13098460611101,0,0,1.1340537405337,0,0,0
"metabat1.7.faa_contig436pilon_pilon_3123",1.29185180527056,0.509913214608311,0,0,0,0,0,0,0,0,0.89550771308478,1.13098460611101,0,0,0,0,0,0
"metabat1.7.faa_contig436pilon_pilon_3124",2.20822168944952,1.43074458043053,1.77865745269737,0,0,0.897401199107369,0,0,0,1.11645381230496,1.19559746605447,1.75709288071739,0,1.12312357938219,0,0,0,0
"metabat1.7.faa_contig436pilon_pilon_3125",0,2.13478485261146,0.685058202165542,0,0,0,0,0,0,1.73823503865256,0.516148531667395,1.13098460611101,0,0,0,0,0,0
"metabat1.7.faa_contig436pilon_pilon_3129",1.29185180527056,1.18389527239187,2.30756971923906,0,0,0,0,0,0,0,1.19559746605447,1.99102887400464,0,0,0,0,0,0
"metabat1.7.faa_contig436pilon_pilon_313",2.60157159760965,0.509913214608311,2.21617578280615,0,0,1.44647599839007,0,0,0,1.11645381230496,1.44388713727703,1.99102887400464,0,0,1.7610687491275,0,1.29176539221842,0
"metabat1.7.faa_contig436pilon_pilon_3130",0,2.38946916323308,1.14765426080542,0,0,0,0,1.35258389846972,0,0,1.19559746605447,1.99102887400464,0,0,0,0,0,0
"metabat1.7.faa_contig436pilon_pilon_3131",0.785936028605364,0,1.4973827041834,0,1.16619325035431,1.44647599839007,0,0,0,0,1.44388713727703,1.4777407110858,0,0,0,0,0,0
"metabat1.7.faa_contig436pilon_pilon_3132",0.785936028605364,2.13478485261146,2.11859814958117,0,0,0,0,0,0,0,2.00393517636671,1.13098460611101,0,0,0,0,0,0
"metabat1.7.faa_contig436pilon_pilon_3135",0.785936028605364,0.509913214608311,1.4973827041834,0,0,0,0,0,0,1.73823503865256,0.89550771308478,1.4777407110858,0,0,0,0,0,0
"metabat1.7.faa_contig436pilon_pilon_3136",0,1.18389527239187,0.38281488519608,0,0,0,0,0,0,0,0,1.13098460611101,0,0,0,0,0,0
"metabat1.7.faa_contig436pilon_pilon_3137",2.60157159760965,0.88590938112637,1.4973827041834,1.1340537405337,0,0,0,0,0,1.73823503865256,0.89550771308478,1.99102887400464,0,1.12312357938219,0,0,0,0
"metabat1.7.faa_contig436pilon_pilon_3138",0,0.509913214608311,0,0,0,0.897401199107369,0,0,0,0,0.89550771308478,0,0,1.12312357938219,0,0,0,0
"metabat1.7.faa_contig436pilon_pilon_3139",0,0,0.934818605712233,1.7610687491275,0,0,0,0,0,0,0.516148531667395,0,0,0,0,0,0,0
"metabat1.7.faa_contig436pilon_pilon_314",2.20822168944952,2.38946916323308,3.05192925054972,0,0,0,0,1.35258389846972,0,1.11645381230496,3.05523864457788,3.54975961724173,0,0,0,0,0,0
"metabat1.7.faa_contig436pilon_pilon_3140",0,0.88590938112637,0.685058202165542,0,0,0,0,0,0,0,1.65565457285634,0,0,0,0,0,0,0
"metabat1.7.faa_contig436pilon_pilon_3142",1.66568014541256,3.2447791097307,1.64486408351293,0,1.16619325035431,3.80122214990775,0,0,0,1.73823503865256,2.40635221835154,0.67359331525981,0,2.1809567813732,0,0,1.29176539221842,0
"metabat1.7.faa_contig436pilon_pilon_3143",0.785936028605364,1.18389527239187,1.14765426080542,0,0,2.15407448615294,0,0,0,0,1.44388713727703,1.13098460611101,0,0,0,0,0,0
"metabat1.7.faa_contig436pilon_pilon_3144",0.785936028605364,1.18389527239187,0.934818605712233,1.1340537405337,0,0.897401199107369,0,0,0,1.11645381230496,1.19559746605447,0.67359331525981,0,0,0,0,0,0
"metabat1.7.faa_contig436pilon_pilon_3145",0,1.43074458043053,0.685058202165542,1.7610687491275,0,1.44647599839007,0,0,0,0,0,0.67359331525981,0,0,0,1.29118405857877,0,0
"metabat1.7.faa_contig436pilon_pilon_3146",1.29185180527056,1.43074458043053,0.934818605712233,3.55492163421865,0,3.13165008026539,1.37979066905676,0,0,1.11645381230496,0.89550771308478,1.4777407110858,1.71555497817818,1.74689798439781,1.1340537405337,1.9614664838957,1.96219704722974,0
"metabat1.7.faa_contig436pilon_pilon_3147",0,0,0.934818605712233,1.7610687491275,1.16619325035431,2.40967275086044,0,0,0,0,1.840279242946,0,0,1.74689798439781,0,0,0,0
"metabat1.7.faa_contig436pilon_pilon_3148",0,0.509913214608311,0.38281488519608,0,0,0,0,0,0,0,1.19559746605447,1.99102887400464,0,0,0,0,0,0
"metabat1.7.faa_contig436pilon_pilon_3149",0,0.509913214608311,1.14765426080542,0,0,0,0,0,0,1.11645381230496,0,0,0,0,0,0,0,0
"metabat1.7.faa_contig436pilon_pilon_315",1.29185180527056,1.43074458043053,2.01393892571283,0,0,0.897401199107369,0,0,0,0,0.89550771308478,1.13098460611101,1.09903579045027,0,0,0,0,0
"metabat1.7.faa_contig436pilon_pilon_3151",0.785936028605364,1.82529197697292,2.69374376525252,1.1340537405337,0,0.897401199107369,0,0,0,0,2.40635221835154,1.75709288071739,0,0,1.1340537405337,0,0,0
"metabat1.7.faa_contig436pilon_pilon_3152",0.785936028605364,1.43074458043053,0.934818605712233,0,1.80255518101465,0.897401199107369,0,1.35258389846972,0,0,0.89550771308478,1.4777407110858,1.09903579045027,0,0,0,0,0
"metabat1.7.faa_contig436pilon_pilon_3153",0,0.88590938112637,0.934818605712233,0,0,0,0,0,0,1.11645381230496,1.19559746605447,0,0,1.74689798439781,0,0,0,0
"metabat1.7.faa_contig436pilon_pilon_3155",0,1.82529197697292,1.90108923408269,1.1340537405337,0,1.84322922738708,0,1.35258389846972,0,1.73823503865256,0.89550771308478,2.19227141791183,1.09903579045027,0,0,0,0,0
"metabat1.7.faa_contig436pilon_pilon_3156",1.29185180527056,0,1.14765426080542,0,0,1.44647599839007,0,0,0,0,0,0.67359331525981,1.09903579045027,1.74689798439781,0,0,0,0
"metabat1.7.faa_contig436pilon_pilon_3157",0.785936028605364,1.82529197697292,1.33308998856978,1.7610687491275,1.80255518101465,0.897401199107369,0,0,0,0,1.19559746605447,1.4777407110858,0,1.74689798439781,2.19668159538169,0,0,0
"metabat1.7.faa_contig436pilon_pilon_3159",0.785936028605364,0.88590938112637,0,1.1340537405337,1.16619325035431,1.84322922738708,0,0,0,0,1.44388713727703,0.67359331525981,0,1.74689798439781,0,1.29118405857877,1.29176539221842,0
"metabat1.7.faa_contig436pilon_pilon_3160",0,0.88590938112637,0.685058202165542,0,0,0,0,0,0,0,0.516148531667395,0.67359331525981,0,0,1.1340537405337,0,0,0
"metabat1.7.faa_contig436pilon_pilon_3161",0,0.509913214608311,1.33308998856978,0,0,0,0,0,0,0,0,1.13098460611101,0,0,0,0,0,0
"metabat1.7.faa_contig436pilon_pilon_3162",2.41826115096941,1.64146402980544,2.69374376525252,1.7610687491275,0,2.62673007810211,0,0,0,2.17133542639018,2.15090332733127,1.75709288071739,0,0,1.1340537405337,0,0,0
"metabat1.7.faa_contig436pilon_pilon_3163",1.66568014541256,2.13478485261146,1.14765426080542,0,0,0.897401199107369,0,0,0,1.11645381230496,1.65565457285634,2.19227141791183,1.09903579045027,0,1.1340537405337,0,0,0
"metabat1.7.faa_contig436pilon_pilon_3164",0,0,0.685058202165542,0,1.80255518101465,0,0,0,0,0,0.89550771308478,1.13098460611101,0,0,0,0,0,0
"metabat1.7.faa_contig436pilon_pilon_3165",1.66568014541256,1.18389527239187,1.90108923408269,0,0,0.897401199107369,0,0,0,0,0.516148531667395,1.13098460611101,1.09903579045027,0,0,0,0,0
"metabat1.7.faa_contig436pilon_pilon_3166",0.785936028605364,0,1.14765426080542,0,0,0,0,0,0,1.11645381230496,1.19559746605447,0,0,0,0,0,0,0
"metabat1.7.faa_contig436pilon_pilon_3167",0,0.509913214608311,0.685058202165542,0,0,0,0,0,0,0,0,0.67359331525981,1.09903579045027,0,0,1.29118405857877,0,0
"metabat1.7.faa_contig436pilon_pilon_3168",1.29185180527056,2.26773977122091,1.64486408351293,0,0,0,0,0,0,1.11645381230496,2.51890127711715,1.4777407110858,0,0,0,0,0,0
"metabat1.7.faa_contig436pilon_pilon_3169",0,1.18389527239187,0.38281488519608,0,0,0.897401199107369,0,0,0,0,0.89550771308478,0,0,0,0,0,0,0
"metabat1.7.faa_contig436pilon_pilon_317",0,1.64146402980544,1.33308998856978,0,0,0,0,0,0,0,0.516148531667395,0.67359331525981,0,0,0,0,0,0
"metabat1.7.faa_contig436pilon_pilon_3170",0.785936028605364,2.13478485261146,1.90108923408269,0,0,0,0,0,0,0,0.89550771308478,1.13098460611101,0,0,0,0,0,0
"metabat1.7.faa_contig436pilon_pilon_3171",0.785936028605364,1.64146402980544,1.4973827041834,0,1.80255518101465,0,0,0,0,0,1.44388713727703,2.36884809447434,0,0,0,1.29118405857877,0,0
"metabat1.7.faa_contig436pilon_pilon_3173",1.29185180527056,1.43074458043053,1.64486408351293,0,0,1.44647599839007,0,0,0,0,0,0,0,0,0,0,0,0
"metabat1.7.faa_contig436pilon_pilon_3174",0,0.509913214608311,0.934818605712233,0,0,0.897401199107369,0,0,1.52740029239538,0,0.89550771308478,0.67359331525981,0,0,0,0,0,0
"metabat1.7.faa_contig436pilon_pilon_3175",1.66568014541256,1.18389527239187,2.11859814958117,0,0,0.897401199107369,0,0,0,0,1.19559746605447,1.4777407110858,0,1.12312357938219,0,0,0,0
"metabat1.7.faa_contig436pilon_pilon_3176",1.66568014541256,1.64146402980544,1.4973827041834,1.1340537405337,0,0.897401199107369,0,0,0,2.17133542639018,2.28427424259072,1.99102887400464,0,0,1.1340537405337,0,0,0
"metabat1.7.faa_contig436pilon_pilon_3178",0,0.509913214608311,0.38281488519608,1.1340537405337,1.16619325035431,0,0,0,0,1.11645381230496,1.44388713727703,0,0,0,0,0,0,0
"metabat1.7.faa_contig436pilon_pilon_318",0,1.18389527239187,0.685058202165542,1.1340537405337,0,0.897401199107369,0,0,0,1.73823503865256,1.44388713727703,0.67359331525981,0,0,1.1340537405337,0,0,0
"metabat1.7.faa_contig436pilon_pilon_3180",0.785936028605364,1.18389527239187,2.01393892571283,0,0,0,0,0,0,1.73823503865256,0.89550771308478,1.13098460611101,0,1.12312357938219,0,0,0,0
"metabat1.7.faa_contig436pilon_pilon_3182",0,0.509913214608311,0.38281488519608,0,0,0.897401199107369,0,0,0,0,0.89550771308478,0.67359331525981,0,0,0,0,0,0
"metabat1.7.faa_contig436pilon_pilon_3183",0.785936028605364,0,0.38281488519608,0,1.80255518101465,3.26709763171278,1.37979066905676,0,0,0,0.516148531667395,1.4777407110858,2.14611569478379,2.51417842914998,1.7610687491275,0,0,0
"metabat1.7.faa_contig436pilon_pilon_3184",0.785936028605364,1.82529197697292,0.685058202165542,0,0,0,0,0,0,0,0.89550771308478,0,0,0,0,0,0,0
"metabat1.7.faa_contig436pilon_pilon_3185",1.66568014541256,2.13478485261146,2.11859814958117,0,0,0,0,0,0,1.11645381230496,2.72065470380689,2.19227141791183,0,1.12312357938219,0,1.29118405857877,0,0
"metabat1.7.faa_contig436pilon_pilon_3186",0,1.18389527239187,1.14765426080542,0,0,1.44647599839007,1.37979066905676,0,0,0,0,0,2.14611569478379,0,0,0,0,0
"metabat1.7.faa_contig436pilon_pilon_3187",2.41826115096941,0.509913214608311,1.14765426080542,2.19668159538169,0,2.40967275086044,1.37979066905676,1.35258389846972,0,0,1.19559746605447,1.75709288071739,2.97318671073354,2.1809567813732,1.1340537405337,0,0,0
"metabat1.7.faa_contig436pilon_pilon_3188",0,0.88590938112637,0.934818605712233,0,0,0,0,0,0,0,1.19559746605447,1.4777407110858,0,0,0,0,0,0
"metabat1.7.faa_contig436pilon_pilon_3189",1.66568014541256,1.98832176012744,2.30756971923906,0,0,0.897401199107369,0,0,0,0,0.89550771308478,1.75709288071739,0,0,1.1340537405337,0,0,0
"metabat1.7.faa_contig436pilon_pilon_319",0.785936028605364,1.64146402980544,0,0,0,0,0,0,0,0,0,0,0,0,0,0,0,0
"metabat1.7.faa_contig436pilon_pilon_3190",1.29185180527056,1.43074458043053,0.934818605712233,0,0,0.897401199107369,0,0,0,0,0.516148531667395,0.67359331525981,1.09903579045027,1.12312357938219,0,0,0,0
"metabat1.7.faa_contig436pilon_pilon_3191",0,1.43074458043053,0.38281488519608,0,0,0,0,0,0,0,0.89550771308478,0.67359331525981,0,0,0,0,0,0
"metabat1.7.faa_contig436pilon_pilon_3192",0,0.88590938112637,2.30756971923906,0,0,0,0,0,0,0,0.89550771308478,1.13098460611101,0,0,0,0,0,0
"metabat1.7.faa_contig436pilon_pilon_3193",0.785936028605364,0.509913214608311,0.934818605712233,0,0,0,0,0,0,0,0.516148531667395,0.67359331525981,0,0,0,0,0,0
"metabat1.7.faa_contig436pilon_pilon_3196",0.785936028605364,0.509913214608311,1.33308998856978,1.1340537405337,1.16619325035431,0,0,0,0,0,1.44388713727703,1.4777407110858,0,0,1.1340537405337,0,0,0
"metabat1.7.faa_contig436pilon_pilon_320",0,1.64146402980544,2.01393892571283,0,0,0,0,0,0,0,1.44388713727703,0.67359331525981,0,1.74689798439781,0,0,0,0
"metabat1.7.faa_contig436pilon_pilon_3201",4.41128371524208,3.10958816605155,3.54051334423247,0,0,2.15407448615294,2.88932252575784,2.85095210606296,2.25257262097379,3.19801267565096,2.51890127711715,4.56142083933636,2.7464361614707,1.74689798439781,1.7610687491275,3.27556281317695,1.29176539221842,3.74300483156954
"metabat1.7.faa_contig436pilon_pilon_3202",1.66568014541256,0.509913214608311,1.77865745269737,1.7610687491275,0,1.84322922738708,0,0,0,0,0.89550771308478,1.75709288071739,0,1.12312357938219,0,0,0,0
"metabat1.7.faa_contig436pilon_pilon_3205",0,0,0.38281488519608,0,1.80255518101465,1.44647599839007,0,0,0,0,0,0,1.09903579045027,1.12312357938219,0,0,0,0
"metabat1.7.faa_contig436pilon_pilon_3206",0,0.509913214608311,0,0,1.16619325035431,0.897401199107369,0,0,0,0,0.516148531667395,1.13098460611101,1.09903579045027,1.12312357938219,0,0,0,0
"metabat1.7.faa_contig436pilon_pilon_3207",0.785936028605364,2.70299855236506,1.90108923408269,1.1340537405337,1.80255518101465,2.62673007810211,1.37979066905676,0,0,1.73823503865256,2.40635221835154,2.19227141791183,2.14611569478379,2.1809567813732,1.7610687491275,0,0,0
"metabat1.7.faa_contig436pilon_pilon_3208",0.785936028605364,0.509913214608311,0.934818605712233,0,0,1.44647599839007,0,0,0,0,0.516148531667395,1.13098460611101,0,0,0,0,0,0
"metabat1.7.faa_contig436pilon_pilon_3209",1.29185180527056,0.88590938112637,2.30756971923906,2.19668159538169,1.16619325035431,0.897401199107369,0,0,0,1.11645381230496,1.19559746605447,1.4777407110858,1.09903579045027,0,1.1340537405337,0,0,0
"metabat1.7.faa_contig436pilon_pilon_321",1.96230563626242,2.26773977122091,3.24925354318237,1.1340537405337,0,1.84322922738708,0,0,0,2.50399368872529,1.840279242946,3.0251155373296,1.09903579045027,1.74689798439781,0,0,0,0
"metabat1.7.faa_contig436pilon_pilon_3210",1.96230563626242,1.18389527239187,2.39351721646857,0,0,2.15407448615294,0,0,0,0,0.89550771308478,1.99102887400464,0,0,1.1340537405337,0,0,0
"metabat1.7.faa_contig436pilon_pilon_3211",0.785936028605364,1.98832176012744,2.11859814958117,1.7610687491275,0,2.15407448615294,0,0,1.52740029239538,0,2.00393517636671,1.4777407110858,2.14611569478379,1.12312357938219,0,0,0,0
"metabat1.7.faa_contig436pilon_pilon_3212",0,0,0.685058202165542,0,0,1.44647599839007,0,2.0382190429837,0,0,0,0,0,0,0,0,0,0
"metabat1.7.faa_contig436pilon_pilon_3214",0,1.98832176012744,1.33308998856978,0,0,0,0,0,0,1.11645381230496,1.65565457285634,1.4777407110858,0,0,0,0,0,0
"metabat1.7.faa_contig436pilon_pilon_3219",0.785936028605364,0,0.38281488519608,0,0,0,0,0,0,0,0.89550771308478,0.67359331525981,0,0,0,0,0,0
"metabat1.7.faa_contig436pilon_pilon_322",1.29185180527056,1.82529197697292,0.685058202165542,0,0,0.897401199107369,0,0,0,0,1.65565457285634,0,0,0,0,0,0,0
"metabat1.7.faa_contig436pilon_pilon_3220",0.785936028605364,1.43074458043053,2.21617578280615,0,2.24262160634391,2.15407448615294,0,0,0,1.11645381230496,2.40635221835154,1.99102887400464,2.14611569478379,0,0,0,1.96219704722974,0
"metabat1.7.faa_contig436pilon_pilon_3222",1.29185180527056,1.98832176012744,0.934818605712233,2.19668159538169,2.24262160634391,1.44647599839007,0,1.35258389846972,0,0,1.840279242946,0.67359331525981,1.09903579045027,1.12312357938219,0,0,0,0
"metabat1.7.faa_contig436pilon_pilon_3223",1.29185180527056,1.64146402980544,1.14765426080542,0,0,0.897401199107369,0,0,0,0,0.89550771308478,0.67359331525981,1.09903579045027,0,1.1340537405337,0,0,0
"metabat1.7.faa_contig436pilon_pilon_3226",1.29185180527056,1.64146402980544,1.4973827041834,0,0,0,0,0,0,0,1.65565457285634,0.67359331525981,0,0,0,0,0,0
"metabat1.7.faa_contig436pilon_pilon_3227",0,0.88590938112637,0.38281488519608,0,0,0,0,0,0,0,0,1.13098460611101,0,0,0,0,0,0
"metabat1.7.faa_contig436pilon_pilon_3228",0.785936028605364,1.18389527239187,0,1.1340537405337,0,0,0,0,0,0,1.44388713727703,1.13098460611101,0,0,0,0,0,0
"metabat1.7.faa_contig436pilon_pilon_3229",0.785936028605364,1.43074458043053,1.64486408351293,0,0,0,0,0,0,0,1.19559746605447,1.75709288071739,0,0,0,0,1.29176539221842,0
"metabat1.7.faa_contig436pilon_pilon_323",7.14462625863806,5.99427991039841,7.70426594169967,0,1.80255518101465,2.15407448615294,2.53777273352371,1.35258389846972,2.73291553002157,6.76112983120883,7.61992765482904,7.56249345040347,2.14611569478379,3.20902661097063,3.22700466328771,3.04202115345873,1.96219704722974,1.46983126765765
"metabat1.7.faa_contig436pilon_pilon_3230",0.785936028605364,0.509913214608311,1.14765426080542,0,0,1.44647599839007,0,0,0,0,0.516148531667395,0.67359331525981,0,0,0,0,0,0
"metabat1.7.faa_contig436pilon_pilon_3231",0.785936028605364,0.88590938112637,1.90108923408269,0,0,1.84322922738708,0,0,0,1.11645381230496,0,1.99102887400464,0,0,0,0,0,0
"metabat1.7.faa_contig436pilon_pilon_3232",2.20822168944952,1.64146402980544,2.11859814958117,0,0,0.897401199107369,0,0,0,0,1.19559746605447,1.4777407110858,0,0,0,0,0,0
"metabat1.7.faa_contig436pilon_pilon_3233",0.785936028605364,1.18389527239187,1.77865745269737,0,0,0,0,0,0,0,1.65565457285634,0.67359331525981,0,0,0,0,0,0
"metabat1.7.faa_contig436pilon_pilon_3234",0,0.88590938112637,1.14765426080542,0,0,0,0,0,0,0,0.89550771308478,0,0,0,0,0,0,0
"metabat1.7.faa_contig436pilon_pilon_3235",4.45956987392345,3.30790282016009,3.50233522442631,0,0,3.39091296255041,0,1.35258389846972,0,3.19801267565096,2.72065470380689,4.48680885360275,2.7464361614707,2.51417842914998,0,0,0,0
"metabat1.7.faa_contig436pilon_pilon_3236",0.785936028605364,0.88590938112637,0.685058202165542,0,0,1.44647599839007,0,0,0,0,1.19559746605447,0,0,0,0,0,0,0
"metabat1.7.faa_contig436pilon_pilon_3237",0,2.13478485261146,1.64486408351293,0,0,0,0,0,0,0,1.44388713727703,1.99102887400464,0,1.12312357938219,0,0,0,0
"metabat1.7.faa_contig436pilon_pilon_3238",0,1.64146402980544,1.4973827041834,0,0,0,0,0,0,0,0.516148531667395,0.67359331525981,0,0,0,0,1.29176539221842,0
"metabat1.7.faa_contig436pilon_pilon_3239",0.785936028605364,1.82529197697292,0.685058202165542,0,0,0,0,0,0,0,1.44388713727703,0.67359331525981,0,0,0,0,0,0
"metabat1.7.faa_contig436pilon_pilon_324",1.29185180527056,1.64146402980544,0.38281488519608,0,0,0,0,0,0,0,0,1.13098460611101,0,0,0,0,0,0
"metabat1.7.faa_contig436pilon_pilon_3240",0,0.509913214608311,0.38281488519608,0,0,0.897401199107369,0,0,0,0,0.89550771308478,0,0,0,0,0,0,0
"metabat1.7.faa_contig436pilon_pilon_3241",0.785936028605364,0.509913214608311,0,0,0,0.897401199107369,0,0,0,0,0,1.13098460611101,0,1.74689798439781,1.7610687491275,0,0,0
"metabat1.7.faa_contig436pilon_pilon_3243",3.16451550209409,3.17876660480948,4.43723257500497,0,1.16619325035431,3.26709763171278,0,0,0,3.00158663115357,3.26343174462668,4.48680885360275,1.09903579045027,2.1809567813732,2.19668159538169,1.29118405857877,0,0
"metabat1.7.faa_contig436pilon_pilon_3244",0.785936028605364,1.43074458043053,1.4973827041834,0,1.16619325035431,0,0,0,0,1.11645381230496,2.00393517636671,2.52615053480768,1.09903579045027,0,0,0,0,0
"metabat1.7.faa_contig436pilon_pilon_3245",3.81103850796967,3.03692475438397,2.62433913730106,1.1340537405337,1.16619325035431,1.84322922738708,2.88932252575784,3.13232256184094,3.38035488492591,3.00158663115357,2.81185139127062,3.39515229077606,2.97318671073354,1.12312357938219,1.7610687491275,2.41734347868894,2.41814240401883,2.18262553826444
"metabat1.7.faa_contig436pilon_pilon_3246",0.785936028605364,2.13478485261146,1.64486408351293,0,0,0.897401199107369,0,0,0,1.11645381230496,1.840279242946,1.99102887400464,0,0,0,0,0,0
"metabat1.7.faa_contig436pilon_pilon_3250",0,0.88590938112637,0.38281488519608,0,0,0,0,0,0,0,0,0,0,1.74689798439781,0,0,0,0
"metabat1.7.faa_contig436pilon_pilon_3252",1.29185180527056,1.43074458043053,0.934818605712233,0,0,0,0,0,0,1.73823503865256,0,1.99102887400464,0,0,0,0,0,0
"metabat1.7.faa_contig436pilon_pilon_3253",2.20822168944952,0.509913214608311,2.5514261270497,0,0,0,0,0,0,0,1.65565457285634,1.4777407110858,0,0,0,0,0,0
"metabat1.7.faa_contig436pilon_pilon_3254",0,0.509913214608311,1.33308998856978,0,0,0,0,0,0,0,0,1.13098460611101,1.09903579045027,0,0,0,0,0
"metabat1.7.faa_contig436pilon_pilon_3255",2.20822168944952,2.60586750229792,2.39351721646857,0,0,0,0,0,0,0,0.89550771308478,1.99102887400464,0,0,0,0,0,0
"metabat1.7.faa_contig436pilon_pilon_3256",0,0.88590938112637,1.14765426080542,0,0,0,0,0,0,0,0,0,0,0,0,0,0,0
"metabat1.7.faa_contig436pilon_pilon_3257",0,0.509913214608311,0,0,0,0,0,0,0,1.11645381230496,1.65565457285634,1.13098460611101,0,0,0,0,0,0
"metabat1.7.faa_contig436pilon_pilon_3258",1.66568014541256,1.43074458043053,2.21617578280615,0,0,0.897401199107369,2.07197274134539,2.50107543391484,0,1.11645381230496,0,1.13098460611101,0,1.12312357938219,1.1340537405337,0,0,0
"metabat1.7.faa_contig436pilon_pilon_3259",1.29185180527056,1.18389527239187,1.14765426080542,0,0,0,0,0,0,0,0.516148531667395,0,0,0,0,0,0,0
"metabat1.7.faa_contig436pilon_pilon_326",0,0.509913214608311,1.33308998856978,0,0,0,0,0,0,0,0,1.13098460611101,0,0,0,0,0,0
"metabat1.7.faa_contig436pilon_pilon_3261",0,0,1.14765426080542,0,0,0,0,0,0,0,0,0.67359331525981,0,0,0,0,0,0
"metabat1.7.faa_contig436pilon_pilon_3262",0,0.509913214608311,0.934818605712233,0,0,0,0,0,0,0,0.89550771308478,0,0,1.12312357938219,0,0,0,0
"metabat1.7.faa_contig436pilon_pilon_3263",0.785936028605364,0.88590938112637,0.934818605712233,0,1.16619325035431,0,0,0,0,0,0,0.67359331525981,0,0,0,0,1.29176539221842,0
"metabat1.7.faa_contig436pilon_pilon_3264",0.785936028605364,1.82529197697292,1.14765426080542,0,0,0,0,0,0,0,1.44388713727703,0.67359331525981,0,0,0,0,0,0
"metabat1.7.faa_contig436pilon_pilon_3267",0.785936028605364,1.18389527239187,0.685058202165542,0,0,0,0,0,0,0,0,0.67359331525981,0,0,0,0,0,0
"metabat1.7.faa_contig436pilon_pilon_3269",0.785936028605364,1.98832176012744,1.14765426080542,0,0,0,0,0,0,0,0.516148531667395,0.67359331525981,0,0,0,0,0,0
"metabat1.7.faa_contig436pilon_pilon_327",0,0.88590938112637,1.77865745269737,0,0,0,0,0,0,0,0,1.13098460611101,0,0,0,0,0,0
"metabat1.7.faa_contig436pilon_pilon_3270",0,0.88590938112637,0.38281488519608,0,0,0,0,0,0,0,0.89550771308478,0,0,0,0,0,0,0
"metabat1.7.faa_contig436pilon_pilon_3271",0,0.88590938112637,0.38281488519608,0,0,0,2.07197274134539,0,0,0,1.19559746605447,0,0,0,0,1.29118405857877,0,0
"metabat1.7.faa_contig436pilon_pilon_3272",0.785936028605364,1.18389527239187,1.14765426080542,0,1.16619325035431,0,0,0,0,0,1.44388713727703,1.13098460611101,0,0,0,0,0,0
"metabat1.7.faa_contig436pilon_pilon_3273",0.785936028605364,2.60586750229792,1.4973827041834,0,0,0,0,0,0,0,2.81185139127062,1.75709288071739,0,0,0,0,0,0
"metabat1.7.faa_contig436pilon_pilon_3277",1.29185180527056,1.43074458043053,0.38281488519608,0,0,0,0,0,0,0,0.89550771308478,1.4777407110858,0,0,0,0,0,0
"metabat1.7.faa_contig436pilon_pilon_3278",1.66568014541256,2.60586750229792,2.99807247709387,3.82193485693565,2.57936124805689,2.62673007810211,2.07197274134539,0,0,2.77413745748303,2.40635221835154,3.47452603770725,1.09903579045027,3.01240483997652,2.19668159538169,0,0,0
"metabat1.7.faa_contig436pilon_pilon_328",0,1.18389527239187,0.934818605712233,0,0,0,0,0,0,1.11645381230496,1.19559746605447,0.67359331525981,0,0,0,0,0,0
"metabat1.7.faa_contig436pilon_pilon_3284",0.785936028605364,1.18389527239187,0.38281488519608,0,0,0,0,0,0,1.11645381230496,1.44388713727703,1.13098460611101,0,1.74689798439781,0,1.29118405857877,0,0
"metabat1.7.faa_contig436pilon_pilon_3286",0.785936028605364,2.13478485261146,1.77865745269737,1.1340537405337,1.16619325035431,0,0,0,0,1.11645381230496,2.15090332733127,1.75709288071739,1.09903579045027,0,0,0,0,0
"metabat1.7.faa_contig436pilon_pilon_3287",1.29185180527056,2.50172189281124,2.5514261270497,1.1340537405337,0,0.897401199107369,0,0,0,3.37087159342887,2.15090332733127,1.4777407110858,1.71555497817818,1.12312357938219,0,0,0,0
"metabat1.7.faa_contig436pilon_pilon_3288",1.66568014541256,1.98832176012744,2.11859814958117,0,0,0.897401199107369,0,0,0,2.17133542639018,0.89550771308478,1.99102887400464,0,0,1.1340537405337,0,0,0
"metabat1.7.faa_contig436pilon_pilon_3289",0,1.18389527239187,0.934818605712233,2.53081550425397,1.16619325035431,1.44647599839007,0,0,0,0,1.19559746605447,0.67359331525981,1.71555497817818,0,0,0,0,0
"metabat1.7.faa_contig436pilon_pilon_3290",1.96230563626242,0.88590938112637,1.33308998856978,0,0,0,0,0,0,0,0.516148531667395,0,0,0,0,0,0,0
"metabat1.7.faa_contig436pilon_pilon_3291",1.29185180527056,0,1.4973827041834,1.1340537405337,0,0,0,0,0,0,0.516148531667395,1.99102887400464,0,0,1.7610687491275,0,0,0
"metabat1.7.faa_contig436pilon_pilon_3292",0,2.13478485261146,3.2023945824784,1.7610687491275,0,1.84322922738708,0,0,0,1.11645381230496,1.44388713727703,3.22196537340036,2.47727817412133,1.74689798439781,2.19668159538169,0,0,0
"metabat1.7.faa_contig436pilon_pilon_3293",3.04301307761808,1.64146402980544,2.69374376525252,1.1340537405337,0,0,0,0,0,0,2.00393517636671,1.75709288071739,2.14611569478379,1.12312357938219,1.7610687491275,0,0,0
"metabat1.7.faa_contig436pilon_pilon_3294",0.785936028605364,0,2.01393892571283,1.1340537405337,2.85218620740818,1.44647599839007,0,0,0,1.11645381230496,1.19559746605447,1.4777407110858,2.14611569478379,2.78469305237248,2.19668159538169,0,0,0
"metabat1.7.faa_contig436pilon_pilon_3295",0,0.88590938112637,0,0,0,1.44647599839007,0,0,0,0,0.89550771308478,0.67359331525981,0,0,0,0,0,0
"metabat1.7.faa_contig436pilon_pilon_3297",0,0,0,1.1340537405337,1.16619325035431,0.897401199107369,0,0,0,0,0.89550771308478,0,0,0,0,0,0,0
"metabat1.7.faa_contig436pilon_pilon_3298",0.785936028605364,1.64146402980544,3.50233522442631,2.19668159538169,3.60853581039944,2.40967275086044,0,0,0,0,0.89550771308478,1.4777407110858,1.71555497817818,3.01240483997652,1.7610687491275,0,0,0
"metabat1.7.faa_contig436pilon_pilon_3299",0,2.70299855236506,2.47463106669557,0,1.16619325035431,0.897401199107369,0,0,0,0,1.65565457285634,2.79709764057128,1.71555497817818,1.12312357938219,2.53081550425397,0,0,0
"metabat1.7.faa_contig436pilon_pilon_330",0,2.26773977122091,1.14765426080542,0,0,1.44647599839007,0,0,0,0,1.65565457285634,0.67359331525981,1.09903579045027,1.12312357938219,1.7610687491275,0,0,0
"metabat1.7.faa_contig436pilon_pilon_3300",0,0,0,2.19668159538169,0,0.897401199107369,0,0,0,1.11645381230496,0.89550771308478,0,1.71555497817818,2.78469305237248,1.7610687491275,1.29118405857877,0,0
"metabat1.7.faa_contig436pilon_pilon_3301",0,0,0,0,0,0.897401199107369,0,1.35258389846972,1.52740029239538,0,0.89550771308478,1.13098460611101,0,2.1809567813732,0,1.9614664838957,0,0
"metabat1.7.faa_contig436pilon_pilon_3302",0,1.82529197697292,1.77865745269737,0,1.16619325035431,0,0,0,0,0,1.19559746605447,2.79709764057128,0,1.74689798439781,0,0,0,0
"metabat1.7.faa_contig436pilon_pilon_3303",0,2.38946916323308,1.77865745269737,0,0,0,0,0,0,0,1.19559746605447,1.13098460611101,0,0,0,0,0,0
"metabat1.7.faa_contig436pilon_pilon_3304",1.29185180527056,0,1.33308998856978,0,1.80255518101465,0.897401199107369,0,0,0,0,0,0,0,0,0,0,0,0
"metabat1.7.faa_contig436pilon_pilon_3305",2.60157159760965,2.38946916323308,2.39351721646857,1.1340537405337,2.24262160634391,0,0,3.13232256184094,2.73291553002157,3.19801267565096,2.81185139127062,3.47452603770725,1.09903579045027,0,0,1.9614664838957,1.96219704722974,1.46983126765765
"metabat1.7.faa_contig436pilon_pilon_3307",0,1.43074458043053,0.38281488519608,0,0,0,0,0,0,0,1.19559746605447,0.67359331525981,0,0,0,0,0,0
"metabat1.7.faa_contig436pilon_pilon_3308",0,0,1.64486408351293,0,0,0,0,0,0,0,0.89550771308478,0,0,0,0,0,0,0
"metabat1.7.faa_contig436pilon_pilon_3309",0,0.88590938112637,0,0,0,0,0,0,0,0,0,1.4777407110858,1.09903579045027,0,0,0,0,0
"metabat1.7.faa_contig436pilon_pilon_3310",1.66568014541256,0.88590938112637,2.62433913730106,0,0,0,0,0,0,0,2.00393517636671,2.36884809447434,0,0,0,0,0,0
"metabat1.7.faa_contig436pilon_pilon_3311",5.29950710091944,2.96040653444993,6.55440968226785,10.6942860036825,10.5676373032806,9.8930603521934,4.73535415313951,5.98065680064492,4.16542422753325,2.50399368872529,3.12802607292714,3.0251155373296,8.87777239703219,10.1417201812093,8.91790082284736,4.19908018363068,4.75856665667823,5.31967895304866
"metabat1.7.faa_contig436pilon_pilon_3315",0.785936028605364,0.88590938112637,1.14765426080542,0,0,0,0,0,0,1.11645381230496,1.19559746605447,1.75709288071739,0,0,0,0,0,0
"metabat1.7.faa_contig436pilon_pilon_3316",0.785936028605364,1.43074458043053,1.33308998856978,0,0,0,1.37979066905676,0,0,0,1.19559746605447,1.99102887400464,0,0,0,0,0,0
"metabat1.7.faa_contig436pilon_pilon_3317",0,0.509913214608311,0,0,0,1.84322922738708,0,0,0,0,0.516148531667395,0,0,0,1.7610687491275,0,0,0
"metabat1.7.faa_contig436pilon_pilon_3318",1.96230563626242,2.26773977122091,2.69374376525252,0,3.27936919850574,0,0,1.35258389846972,0,1.11645381230496,1.44388713727703,2.79709764057128,0,1.12312357938219,2.19668159538169,0,0,0
"metabat1.7.faa_contig436pilon_pilon_3319",1.66568014541256,2.13478485261146,1.14765426080542,0,0,0.897401199107369,0,0,0,1.73823503865256,1.840279242946,1.75709288071739,1.09903579045027,0,1.1340537405337,0,0,0
"metabat1.7.faa_contig436pilon_pilon_332",0,0.509913214608311,0.38281488519608,0,0,0,0,0,0,1.11645381230496,1.65565457285634,1.13098460611101,0,0,0,0,0,0
"metabat1.7.faa_contig436pilon_pilon_3320",1.29185180527056,1.43074458043053,0.685058202165542,0,0,0,0,0,0,0,0.89550771308478,0.67359331525981,0,0,0,0,0,0
"metabat1.7.faa_contig436pilon_pilon_3321",0,0.509913214608311,0.38281488519608,0,0,0,0,0,0,0,0.89550771308478,0.67359331525981,0,0,0,0,0,1.46983126765765
"metabat1.7.faa_contig436pilon_pilon_3322",0.785936028605364,0.88590938112637,0.685058202165542,0,0,0,0,0,0,1.11645381230496,0,0,0,0,0,0,0,0
"metabat1.7.faa_contig436pilon_pilon_3326",0.785936028605364,0.88590938112637,1.33308998856978,1.1340537405337,0,0,0,0,0,1.11645381230496,0.89550771308478,1.4777407110858,0,0,0,0,0,0
"metabat1.7.faa_contig436pilon_pilon_3327",0,1.43074458043053,0.685058202165542,0,0,0,0,0,0,0,0.516148531667395,0,0,0,0,0,0,0
"metabat1.7.faa_contig436pilon_pilon_3328",0,0.509913214608311,0.38281488519608,0,0,0,0,0,0,0,0,1.13098460611101,1.09903579045027,1.74689798439781,0,0,0,0
"metabat1.7.faa_contig436pilon_pilon_3332",3.04301307761808,2.13478485261146,2.94212696831667,0,0,1.84322922738708,2.53777273352371,3.36767093414653,2.25257262097379,4.29940155989236,2.62330189181478,3.75444463520928,1.71555497817818,1.12312357938219,2.19668159538169,1.29118405857877,3.042884725337,2.18262553826444
"metabat1.7.faa_contig436pilon_pilon_3333",1.29185180527056,1.18389527239187,1.64486408351293,3.69459678192323,2.85218620740818,2.15407448615294,0,0,0,2.50399368872529,0.516148531667395,1.13098460611101,2.14611569478379,2.51417842914998,2.19668159538169,0,0,0
"metabat1.7.faa_contig436pilon_pilon_3336",0,0.88590938112637,1.14765426080542,0,0,0.897401199107369,0,0,0,0,0.89550771308478,0,0,0,0,0,0,0
"metabat1.7.faa_contig436pilon_pilon_3337",0.785936028605364,0.509913214608311,0.38281488519608,0,0,0,0,0,0,0,1.19559746605447,0,0,0,0,0,0,0
"metabat1.7.faa_contig436pilon_pilon_3338",1.29185180527056,1.43074458043053,0.934818605712233,0,0,0.897401199107369,0,0,0,0,0.89550771308478,0.67359331525981,1.09903579045027,0,0,0,0,0
"metabat1.7.faa_contig436pilon_pilon_3339",0,0.88590938112637,0.685058202165542,0,0,0,0,0,0,0,0.516148531667395,1.4777407110858,0,0,1.1340537405337,0,0,0
"metabat1.7.faa_contig436pilon_pilon_334",0.785936028605364,0.88590938112637,0.38281488519608,1.1340537405337,1.16619325035431,0,0,0,0,0,1.44388713727703,1.13098460611101,0,0,0,0,0,0
"metabat1.7.faa_contig436pilon_pilon_3342",0,1.18389527239187,1.33308998856978,0,0,0,0,0,0,0,1.840279242946,0.67359331525981,0,0,0,0,0,0
"metabat1.7.faa_contig436pilon_pilon_3343",0.785936028605364,0.88590938112637,0.685058202165542,0,0,0,0,0,0,0,0.516148531667395,0,0,0,0,0,0,0
"metabat1.7.faa_contig436pilon_pilon_3345",1.96230563626242,2.13478485261146,0.934818605712233,0,0,0,0,0,0,1.11645381230496,2.40635221835154,0,0,0,0,0,0,0
"metabat1.7.faa_contig436pilon_pilon_3346",4.83390228384897,4.1321340005954,4.809703801073,2.80193012411026,0,1.84322922738708,3.61071691166351,0,0,3.52521753160707,4.37754594186161,4.99738820286013,2.14611569478379,3.01240483997652,1.1340537405337,0,0,0
"metabat1.7.faa_contig436pilon_pilon_3347",0,0.509913214608311,0.934818605712233,1.7610687491275,1.16619325035431,0,0,0,0,0,1.19559746605447,0,0,1.12312357938219,0,0,0,0
"metabat1.7.faa_contig436pilon_pilon_3348",4.08173450351341,2.38946916323308,4.39618043997923,2.80193012411026,2.24262160634391,0,1.37979066905676,0,0,2.17133542639018,1.840279242946,4.36711563226211,0,1.12312357938219,2.80193012411026,0,0,0
"metabat1.7.faa_contig436pilon_pilon_3349",0,0.88590938112637,1.14765426080542,0,0,0,0,0,0,0,1.65565457285634,0,0,0,0,0,0,0
"metabat1.7.faa_contig436pilon_pilon_335",0,1.43074458043053,0.685058202165542,0,0,0,0,0,0,0,1.19559746605447,0.67359331525981,0,0,1.1340537405337,0,0,0
"metabat1.7.faa_contig436pilon_pilon_3350",1.66568014541256,1.64146402980544,1.4973827041834,1.1340537405337,1.16619325035431,0,0,0,0,0,0.516148531667395,1.75709288071739,2.47727817412133,1.12312357938219,1.1340537405337,0,0,0
"metabat1.7.faa_contig436pilon_pilon_3351",1.66568014541256,1.43074458043053,2.21617578280615,1.7610687491275,0,0,0,0,0,1.11645381230496,0.89550771308478,1.75709288071739,0,1.12312357938219,0,0,0,0
"metabat1.7.faa_contig436pilon_pilon_3352",2.20822168944952,0,2.11859814958117,0,0,1.44647599839007,0,0,0,0,0.516148531667395,1.13098460611101,0,0,0,0,1.29176539221842,0
"metabat1.7.faa_contig436pilon_pilon_3353",0,0.509913214608311,0.685058202165542,0,0,0,0,0,0,0,0.516148531667395,0,0,0,1.7610687491275,0,0,0
"metabat1.7.faa_contig436pilon_pilon_3355",1.66568014541256,1.43074458043053,1.90108923408269,0,1.16619325035431,2.98215586941322,0,0,0,0,1.19559746605447,2.52615053480768,1.09903579045027,0,1.1340537405337,0,0,0
"metabat1.7.faa_contig436pilon_pilon_3356",0.785936028605364,0,0,0,0,0,0,0,0,0,0,0,1.09903579045027,1.12312357938219,1.7610687491275,0,0,0
"metabat1.7.faa_contig436pilon_pilon_3357",0,1.64146402980544,0.685058202165542,1.1340537405337,1.16619325035431,1.44647599839007,0,0,0,0,0.89550771308478,0,2.14611569478379,1.12312357938219,1.1340537405337,0,0,0
"metabat1.7.faa_contig436pilon_pilon_3358",0,0.88590938112637,0.934818605712233,1.1340537405337,1.16619325035431,0,0,0,0,0,0.89550771308478,0,1.09903579045027,2.1809567813732,0,0,0,0
"metabat1.7.faa_contig436pilon_pilon_3359",1.66568014541256,1.43074458043053,0.685058202165542,0,1.16619325035431,0,0,0,0,0,0.516148531667395,0.67359331525981,2.14611569478379,2.1809567813732,1.1340537405337,0,0,0
"metabat1.7.faa_contig436pilon_pilon_3360",0,0.509913214608311,0.38281488519608,0,0,0,0,0,0,0,1.19559746605447,0,0,0,0,0,0,0
"metabat1.7.faa_contig436pilon_pilon_3361",0,1.82529197697292,1.64486408351293,1.1340537405337,0,0,0,0,0,0,1.44388713727703,0,2.14611569478379,0,0,0,0,0
"metabat1.7.faa_contig436pilon_pilon_3363",0,0.509913214608311,0.685058202165542,2.19668159538169,0,0,0,0,0,0,0,0,0,0,1.1340537405337,0,0,0
"metabat1.7.faa_contig436pilon_pilon_3364",1.29185180527056,1.64146402980544,0.38281488519608,0,1.16619325035431,2.62673007810211,0,1.35258389846972,0,0,0.89550771308478,1.13098460611101,1.71555497817818,1.12312357938219,1.1340537405337,0,0,0
"metabat1.7.faa_contig436pilon_pilon_3365",1.66568014541256,0,0.685058202165542,0,1.80255518101465,0,0,0,0,0,0.89550771308478,1.13098460611101,0,0,0,0,0,0
"metabat1.7.faa_contig436pilon_pilon_3366",1.29185180527056,1.43074458043053,1.4973827041834,0,1.80255518101465,0,0,0,0,1.11645381230496,0.89550771308478,1.99102887400464,1.71555497817818,1.12312357938219,0,1.29118405857877,0,0
"metabat1.7.faa_contig436pilon_pilon_3367",0.785936028605364,1.43074458043053,1.77865745269737,0,1.16619325035431,0.897401199107369,0,0,2.25257262097379,1.11645381230496,1.19559746605447,1.13098460611101,2.14611569478379,1.12312357938219,2.19668159538169,0,0,0
"metabat1.7.faa_contig436pilon_pilon_3369",1.29185180527056,0.88590938112637,1.33308998856978,2.53081550425397,3.60853581039944,2.40967275086044,0,1.35258389846972,0,1.73823503865256,0,2.19227141791183,2.7464361614707,3.01240483997652,2.19668159538169,0,0,0
"metabat1.7.faa_contig436pilon_pilon_3370",0,0.88590938112637,0.38281488519608,2.53081550425397,3.74866254356939,2.40967275086044,0,0,0,0,0,1.13098460611101,2.14611569478379,4.02824626322977,3.03006654447673,1.29118405857877,1.29176539221842,0
"metabat1.7.faa_contig436pilon_pilon_3371",0,0.509913214608311,1.33308998856978,0,1.16619325035431,0,2.07197274134539,0,0,0,0.516148531667395,1.13098460611101,2.7464361614707,2.78469305237248,1.7610687491275,1.9614664838957,0,0
"metabat1.7.faa_contig436pilon_pilon_3372",0,1.18389527239187,0.685058202165542,1.7610687491275,0,2.40967275086044,2.07197274134539,0,0,0,0.516148531667395,0,2.14611569478379,2.78469305237248,0,1.29118405857877,0,0
"metabat1.7.faa_contig436pilon_pilon_3373",0,1.43074458043053,1.33308998856978,0,0,0,0,0,0,0,1.19559746605447,0,0,0,0,0,0,0
"metabat1.7.faa_contig436pilon_pilon_3374",0,2.13478485261146,1.90108923408269,0,0,0,0,0,0,0,0.89550771308478,1.4777407110858,0,0,0,1.29118405857877,0,0
"metabat1.7.faa_contig436pilon_pilon_3375",0,1.18389527239187,0.685058202165542,0,0,0,0,0,0,1.11645381230496,0.516148531667395,0,0,1.74689798439781,0,0,0,0
"metabat1.7.faa_contig436pilon_pilon_3376",0.785936028605364,0.509913214608311,0.934818605712233,0,0,0,0,0,0,0,1.44388713727703,0,0,0,0,0,0,0
"metabat1.7.faa_contig436pilon_pilon_3379",0.785936028605364,1.43074458043053,0.685058202165542,0,0,0,0,0,0,1.11645381230496,1.840279242946,1.13098460611101,0,0,0,1.29118405857877,0,0
"metabat1.7.faa_contig436pilon_pilon_3380",0.785936028605364,2.38946916323308,0.685058202165542,0,1.16619325035431,0,0,2.50107543391484,0,0,1.44388713727703,0.67359331525981,1.09903579045027,0,0,0,0,1.46983126765765
"metabat1.7.faa_contig436pilon_pilon_3381",0,0,0.934818605712233,0,0,0,0,0,0,0,1.19559746605447,0,0,0,0,0,0,0
"metabat1.7.faa_contig436pilon_pilon_3382",1.29185180527056,1.43074458043053,0,0,0,0,0,0,0,0,0.516148531667395,0,0,0,0,0,0,0
"metabat1.7.faa_contig436pilon_pilon_3384",0,0.88590938112637,0.38281488519608,0,0,0,0,0,0,0,0,1.13098460611101,0,0,0,0,0,0
"metabat1.7.faa_contig436pilon_pilon_3385",0,0.509913214608311,1.33308998856978,0,0,0,0,0,0,0,1.19559746605447,1.75709288071739,0,0,0,0,0,0
"metabat1.7.faa_contig436pilon_pilon_3388",0,1.18389527239187,0.38281488519608,0,0,0,0,0,0,0,1.44388713727703,0,0,0,0,0,0,0
"metabat1.7.faa_contig436pilon_pilon_3389",0,0.88590938112637,0.685058202165542,0,0,0,0,0,0,1.11645381230496,1.65565457285634,1.4777407110858,0,0,0,0,0,0
"metabat1.7.faa_contig436pilon_pilon_3393",0.785936028605364,0,0.38281488519608,1.1340537405337,0,0,0,0,0,1.73823503865256,0.89550771308478,1.4777407110858,0,0,0,0,0,0
"metabat1.7.faa_contig436pilon_pilon_3396",1.29185180527056,0,0.934818605712233,0,1.16619325035431,0,0,0,0,0,0,0.67359331525981,0,0,0,0,0,0
"metabat1.7.faa_contig436pilon_pilon_3397",0.785936028605364,1.18389527239187,1.14765426080542,0,0,0.897401199107369,0,0,0,0,1.65565457285634,0,0,0,1.7610687491275,0,0,0
"metabat1.7.faa_contig436pilon_pilon_340",3.04301307761808,0.88590938112637,3.33863871741216,6.15966938689627,5.80075115326835,5.31548799872752,2.07197274134539,3.13232256184094,0,0,1.44388713727703,2.79709764057128,3.63472659822075,4.92858422732916,4.63777904317892,0,0,0
"metabat1.7.faa_contig436pilon_pilon_3401",0,0.509913214608311,0.38281488519608,0,0,0,0,0,0,0,1.19559746605447,0,0,0,0,0,0,0
"metabat1.7.faa_contig436pilon_pilon_3402",0,0.509913214608311,0.38281488519608,0,0,0,0,0,0,0,0.516148531667395,0,0,0,2.53081550425397,0,0,0
"metabat1.7.faa_contig436pilon_pilon_3403",0,1.18389527239187,0,0,0,0,0,0,0,0,0.89550771308478,0.67359331525981,0,0,0,0,0,0
"metabat1.7.faa_contig436pilon_pilon_3406",0,0,0.934818605712233,0,0,1.44647599839007,0,0,0,0,0,0,0,0,0,0,0,0
"metabat1.7.faa_contig436pilon_pilon_3408",0,0.509913214608311,0.38281488519608,0,0,0,0,0,0,0,1.19559746605447,0.67359331525981,0,0,0,0,0,0
"metabat1.7.faa_contig436pilon_pilon_341",3.65390498999262,3.2447791097307,4.74578003064014,6.91258475550211,6.01018825613765,5.76786316944009,2.53777273352371,4.04761767344085,0,3.19801267565096,5.41693514352474,3.93366505780459,4.57545125288507,5.84681092800947,6.13535522825875,0,2.41814240401883,2.65756795586743
"metabat1.7.faa_contig436pilon_pilon_3410",0,0,0.934818605712233,0,0,0,0,0,0,0,0.516148531667395,1.13098460611101,1.09903579045027,0,1.1340537405337,0,0,0
"metabat1.7.faa_contig436pilon_pilon_3414",0,0.88590938112637,0,0,0,0.897401199107369,0,0,0,0,0,0.67359331525981,0,1.74689798439781,0,0,0,0
"metabat1.7.faa_contig436pilon_pilon_3416",0,0,0.685058202165542,0,0,1.84322922738708,0,0,0,0,0,0,0,0,0,0,0,0
"metabat1.7.faa_contig436pilon_pilon_3418",0,1.43074458043053,0,0,0,0,0,0,0,1.73823503865256,0.516148531667395,0,0,1.12312357938219,0,0,1.29176539221842,0
"metabat1.7.faa_contig436pilon_pilon_342",1.96230563626242,1.43074458043053,2.47463106669557,0,0,0,0,0,0,1.11645381230496,3.44533485995722,2.19227141791183,0,0,0,0,0,0
"metabat1.7.faa_contig436pilon_pilon_3420",0,1.18389527239187,0.685058202165542,0,0,0,0,0,0,0,0,0,0,0,0,0,0,0
"metabat1.7.faa_contig436pilon_pilon_3424",0.785936028605364,0.88590938112637,0,0,0,0,0,0,0,1.11645381230496,0.89550771308478,0.67359331525981,0,0,0,0,0,0
"metabat1.7.faa_contig436pilon_pilon_343",0,0.509913214608311,0.934818605712233,0,0,0,0,0,0,0,0,0.67359331525981,0,0,0,0,0,0
"metabat1.7.faa_contig436pilon_pilon_3432",0.785936028605364,1.43074458043053,0.38281488519608,0,0,0,0,0,0,0,0.89550771308478,1.13098460611101,0,0,0,0,0,0
"metabat1.7.faa_contig436pilon_pilon_3437",0,0.509913214608311,0.934818605712233,0,0,0,0,0,0,0,1.19559746605447,0,0,0,0,0,0,0
"metabat1.7.faa_contig436pilon_pilon_3439",0,0.509913214608311,1.14765426080542,0,0,0,0,0,0,0,0,0,0,0,0,0,0,0
"metabat1.7.faa_contig436pilon_pilon_3443",0.785936028605364,0.88590938112637,1.33308998856978,0,0,0,0,0,0,0,0.89550771308478,0,0,0,0,0,0,0
"metabat1.7.faa_contig436pilon_pilon_3444",0,1.18389527239187,1.14765426080542,0,0,0,0,0,0,0,1.19559746605447,0,0,0,0,1.9614664838957,0,0
"metabat1.7.faa_contig436pilon_pilon_345",1.29185180527056,0,1.14765426080542,0,0,0,0,0,0,1.11645381230496,0.516148531667395,0,1.09903579045027,0,0,0,0,0
"metabat1.7.faa_contig436pilon_pilon_347",0,1.43074458043053,0.38281488519608,1.1340537405337,0,0,0,0,0,0,0.89550771308478,0,0,0,0,0,0,0
"metabat1.7.faa_contig436pilon_pilon_348",1.29185180527056,1.43074458043053,1.64486408351293,0,0,1.44647599839007,0,0,0,1.11645381230496,0,1.13098460611101,0,0,0,1.29118405857877,0,0
"metabat1.7.faa_contig436pilon_pilon_350",0,0.88590938112637,0.38281488519608,3.03006654447673,1.16619325035431,3.26709763171278,0,0,0,1.73823503865256,1.840279242946,0.67359331525981,3.63472659822075,1.12312357938219,1.1340537405337,0,0,1.46983126765765
"metabat1.7.faa_contig436pilon_pilon_351",0.785936028605364,1.98832176012744,1.4973827041834,0,0,0,0,0,0,0,0.516148531667395,0.67359331525981,1.09903579045027,1.12312357938219,2.19668159538169,0,0,0
"metabat1.7.faa_contig436pilon_pilon_353",0,0.509913214608311,0.38281488519608,0,1.16619325035431,1.44647599839007,0,0,0,0,0,0.67359331525981,0,0,0,0,0,0
"metabat1.7.faa_contig436pilon_pilon_354",3.04301307761808,0.509913214608311,2.39351721646857,0,0,0.897401199107369,0,0,0,1.11645381230496,5.19774644647231,1.75709288071739,0,0,0,0,0,0
"metabat1.7.faa_contig436pilon_pilon_355",2.60157159760965,1.43074458043053,1.4973827041834,0,0,0,0,0,0,0,3.12802607292714,1.13098460611101,0,0,0,0,0,0
"metabat1.7.faa_contig436pilon_pilon_356",0.785936028605364,1.64146402980544,1.14765426080542,0,0,0,0,0,2.25257262097379,0,0.516148531667395,0,0,0,0,0,1.29176539221842,0
"metabat1.7.faa_contig436pilon_pilon_357",1.29185180527056,1.43074458043053,1.90108923408269,0,0,0,0,0,0,0,0,0,0,1.12312357938219,1.1340537405337,1.29118405857877,0,0
"metabat1.7.faa_contig436pilon_pilon_358",0.785936028605364,0.88590938112637,0.38281488519608,0,0,2.15407448615294,0,0,0,1.11645381230496,0.516148531667395,0,0,2.1809567813732,2.53081550425397,0,0,0
"metabat1.7.faa_contig436pilon_pilon_359",1.66568014541256,0.88590938112637,0,1.7610687491275,0,1.44647599839007,0,0,0,1.73823503865256,0,0.67359331525981,1.09903579045027,0,0,0,0,0
"metabat1.7.faa_contig436pilon_pilon_360",0,1.43074458043053,0.685058202165542,0,0,0,0,0,0,1.11645381230496,1.19559746605447,0,1.09903579045027,0,0,0,0,0
"metabat1.7.faa_contig436pilon_pilon_361",2.20822168944952,1.43074458043053,2.62433913730106,4.41350443095103,3.60853581039944,5.46386366185868,0,2.85095210606296,0,0,1.65565457285634,2.19227141791183,4.64295627544795,3.92011864479253,4.3302665366833,1.9614664838957,4.20000955727645,0
"metabat1.7.faa_contig436pilon_pilon_362",3.65390498999262,2.79400061842543,2.21617578280615,4.83183415457027,4.62290479245956,6.51702831350707,0,2.0382190429837,1.52740029239538,0,3.38721208338708,0,5.83196904248999,5.2297262905091,5.24933590115812,1.29118405857877,3.27644421513022,3.30004679866271
"metabat1.7.faa_contig436pilon_pilon_363",3.04301307761808,1.43074458043053,2.01393892571283,4.89112240615745,4.62290479245956,5.59839248913333,0,2.0382190429837,0,0,2.00393517636671,1.75709288071739,4.82836526055893,4.6860406212483,5.10655258022588,1.29118405857877,4.50615247664964,1.46983126765765
"metabat1.7.faa_contig436pilon_pilon_364",2.91032890151629,2.13478485261146,2.11859814958117,4.49220066742436,4.20309351623827,6.01882019653541,2.53777273352371,1.35258389846972,1.52740029239538,2.50399368872529,1.840279242946,1.4777407110858,5.27388091789641,4.47295890020095,4.70540613793849,1.9614664838957,3.27644421513022,1.46983126765765
"metabat1.7.faa_contig436pilon_pilon_365",1.96230563626242,0.88590938112637,0.685058202165542,1.7610687491275,1.80255518101465,3.61060538920406,0,0,0,0,0.89550771308478,0,2.47727817412133,3.01240483997652,3.03006654447673,0,1.29176539221842,0
"metabat1.7.faa_contig436pilon_pilon_366",1.29185180527056,0.509913214608311,1.4973827041834,3.22700466328771,2.57936124805689,4.32045337574476,2.07197274134539,2.0382190429837,0,1.73823503865256,1.44388713727703,1.13098460611101,3.16909176668987,3.92011864479253,1.7610687491275,1.29118405857877,3.27644421513022,0
"metabat1.7.faa_contig436pilon_pilon_367",0.785936028605364,0.88590938112637,1.33308998856978,0,0,0,0,0,0,0,0.516148531667395,1.75709288071739,0,1.12312357938219,0,0,0,0
"metabat1.7.faa_contig436pilon_pilon_369",0.785936028605364,0.509913214608311,1.14765426080542,0,0,0,0,0,0,0,1.19559746605447,1.13098460611101,0,0,0,0,0,0
"metabat1.7.faa_contig436pilon_pilon_370",0.785936028605364,1.18389527239187,0.38281488519608,0,0,0,0,0,0,0,0.516148531667395,0.67359331525981,0,0,0,0,0,0
"metabat1.7.faa_contig436pilon_pilon_371",0.785936028605364,3.03692475438397,2.21617578280615,0,0,0,0,0,0,0,2.72065470380689,0.67359331525981,1.09903579045027,0,0,0,0,0
"metabat1.7.faa_contig436pilon_pilon_372",1.96230563626242,1.98832176012744,1.64486408351293,0,0,0.897401199107369,0,0,0,1.11645381230496,0.89550771308478,1.4777407110858,0,0,0,0,1.96219704722974,0
"metabat1.7.faa_contig436pilon_pilon_373",1.96230563626242,1.18389527239187,1.77865745269737,1.1340537405337,0,0,0,0,0,1.11645381230496,0.89550771308478,0,0,1.12312357938219,0,0,0,0
"metabat1.7.faa_contig436pilon_pilon_374",0,1.64146402980544,0.685058202165542,2.19668159538169,1.16619325035431,2.15407448615294,0,0,0,1.73823503865256,1.65565457285634,1.13098460611101,0,1.74689798439781,1.7610687491275,0,0,0
"metabat1.7.faa_contig436pilon_pilon_375",2.41826115096941,0.88590938112637,2.01393892571283,0,0,0,0,0,0,0,2.28427424259072,2.19227141791183,1.09903579045027,0,0,0,0,0
"metabat1.7.faa_contig436pilon_pilon_376",1.29185180527056,0.509913214608311,0.934818605712233,0,0,0,0,0,0,0,1.19559746605447,0.67359331525981,0,0,0,0,0,0
"metabat1.7.faa_contig436pilon_pilon_377",0.785936028605364,1.64146402980544,2.30756971923906,0,0,0,0,0,0,0,1.44388713727703,1.75709288071739,0,1.12312357938219,0,0,0,0
"metabat1.7.faa_contig436pilon_pilon_378",0,0.88590938112637,0.934818605712233,0,0,0,0,0,0,0,1.65565457285634,1.13098460611101,0,0,0,0,0,0
"metabat1.7.faa_contig436pilon_pilon_379",1.29185180527056,0,1.14765426080542,0,0,0,0,0,0,0,1.44388713727703,0.67359331525981,0,0,1.1340537405337,0,0,0
"metabat1.7.faa_contig436pilon_pilon_380",1.66568014541256,1.18389527239187,1.64486408351293,0,0,0,0,0,0,0,1.44388713727703,1.4777407110858,0,0,0,0,0,0
"metabat1.7.faa_contig436pilon_pilon_381",0,1.18389527239187,0.934818605712233,0,0,0,0,0,0,1.11645381230496,1.19559746605447,0.67359331525981,0,0,0,0,0,0
"metabat1.7.faa_contig436pilon_pilon_382",0,0.509913214608311,0.685058202165542,0,0,0,0,0,0,0,1.19559746605447,0.67359331525981,0,0,0,0,0,0
"metabat1.7.faa_contig436pilon_pilon_383",0,0.509913214608311,0.685058202165542,0,0,0,0,0,0,0,1.19559746605447,0,0,0,0,0,0,0
"metabat1.7.faa_contig436pilon_pilon_387",0,1.64146402980544,0.934818605712233,0,0,0,0,0,0,0,1.44388713727703,0.67359331525981,0,0,0,0,0,0
"metabat1.7.faa_contig436pilon_pilon_39",0,0.88590938112637,0.38281488519608,0,0,0,0,0,0,0,0.89550771308478,0,0,0,0,0,0,0
"metabat1.7.faa_contig436pilon_pilon_391",1.96230563626242,1.82529197697292,2.01393892571283,0,0,1.44647599839007,0,0,0,0,2.51890127711715,2.66797545578142,2.14611569478379,0,0,0,0,0
"metabat1.7.faa_contig436pilon_pilon_393",0,1.98832176012744,1.4973827041834,0,0,0,0,0,0,0,1.19559746605447,0.67359331525981,0,0,0,0,0,0
"metabat1.7.faa_contig436pilon_pilon_394",0,0.88590938112637,1.14765426080542,0,0,0,0,0,0,0,0,1.13098460611101,0,0,0,0,0,0
"metabat1.7.faa_contig436pilon_pilon_395",1.29185180527056,0.509913214608311,0.38281488519608,0,0,0,0,0,0,0,0.89550771308478,0,0,0,0,0,0,0
"metabat1.7.faa_contig436pilon_pilon_397",0.785936028605364,0.509913214608311,0,0,0,0,0,0,0,0,1.44388713727703,1.13098460611101,0,0,0,0,0,0
"metabat1.7.faa_contig436pilon_pilon_398",0.785936028605364,0.88590938112637,0.685058202165542,0,0,0,0,0,0,0,0,1.13098460611101,0,0,0,0,0,0
"metabat1.7.faa_contig436pilon_pilon_399",0,0,0.685058202165542,0,0,0,0,0,0,0,0.516148531667395,1.13098460611101,0,0,1.1340537405337,0,0,0
"metabat1.7.faa_contig436pilon_pilon_40",0,0.509913214608311,0.685058202165542,0,0,0,0,0,0,0,0.89550771308478,0,0,0,0,0,0,0
"metabat1.7.faa_contig436pilon_pilon_401",1.29185180527056,0,1.4973827041834,0,0,0.897401199107369,1.37979066905676,0,0,0,0.89550771308478,0.67359331525981,0,0,0,0,0,0
"metabat1.7.faa_contig436pilon_pilon_404",0.785936028605364,1.64146402980544,1.33308998856978,0,0,0.897401199107369,0,1.35258389846972,0,0,0,1.13098460611101,1.09903579045027,1.74689798439781,0,0,0,0
"metabat1.7.faa_contig436pilon_pilon_405",0,0.509913214608311,0.38281488519608,0,0,0,0,0,0,0,0,0,0,2.51417842914998,1.1340537405337,0,0,0
"metabat1.7.faa_contig436pilon_pilon_406",0,0.509913214608311,0,0,0,1.44647599839007,1.37979066905676,0,0,1.11645381230496,0,0,0,0,0,1.29118405857877,0,0
"metabat1.7.faa_contig436pilon_pilon_408",0,0,0.685058202165542,0,1.16619325035431,2.40967275086044,0,0,0,0,0.516148531667395,1.13098460611101,0,0,0,0,0,0
"metabat1.7.faa_contig436pilon_pilon_410",0,0,0,1.1340537405337,0,1.84322922738708,0,1.35258389846972,0,0,0,0,0,0,1.1340537405337,0,0,0
"metabat1.7.faa_contig436pilon_pilon_411",0,0.509913214608311,0.38281488519608,1.1340537405337,0,1.84322922738708,0,0,0,0,0,0.67359331525981,0,1.74689798439781,1.7610687491275,0,0,1.46983126765765
"metabat1.7.faa_contig436pilon_pilon_412",0.785936028605364,1.64146402980544,0.685058202165542,0,0,0,0,0,0,0,1.44388713727703,1.13098460611101,0,0,0,0,0,0
"metabat1.7.faa_contig436pilon_pilon_413",0.785936028605364,2.13478485261146,1.14765426080542,0,0,0,0,0,0,0,1.840279242946,0.67359331525981,0,0,0,0,0,0
"metabat1.7.faa_contig436pilon_pilon_414",0,1.82529197697292,1.64486408351293,0,0,0,0,0,0,0,1.19559746605447,0,0,0,1.1340537405337,0,0,0
"metabat1.7.faa_contig436pilon_pilon_415",0,0.509913214608311,0.38281488519608,0,0,0,0,0,0,0,1.44388713727703,0,0,0,0,0,0,0
"metabat1.7.faa_contig436pilon_pilon_416",0,0.509913214608311,1.14765426080542,0,0,0,0,0,0,0,0,0.67359331525981,0,0,0,0,0,0
"metabat1.7.faa_contig436pilon_pilon_417",0,0.509913214608311,1.14765426080542,0,0,0,0,0,0,0,0.89550771308478,0,0,0,0,0,0,0
"metabat1.7.faa_contig436pilon_pilon_418",0,0.88590938112637,0,0,0,0,0,0,0,1.11645381230496,1.19559746605447,0,0,0,0,0,0,0
"metabat1.7.faa_contig436pilon_pilon_420",0,0.509913214608311,0.685058202165542,0,0,0.897401199107369,0,0,0,0,0,0,0,0,1.1340537405337,0,0,0
"metabat1.7.faa_contig436pilon_pilon_424",1.66568014541256,2.70299855236506,2.62433913730106,2.19668159538169,1.16619325035431,0,1.37979066905676,0,0,2.17133542639018,3.26343174462668,2.66797545578142,0,0,0,0,0,0
"metabat1.7.faa_contig436pilon_pilon_426",0,0.88590938112637,0.934818605712233,0,0,0,0,0,0,0,2.15090332733127,1.13098460611101,0,0,0,0,0,0
"metabat1.7.faa_contig436pilon_pilon_427",1.29185180527056,0,0.934818605712233,0,0,0,0,0,0,0,1.19559746605447,0.67359331525981,0,0,0,0,0,0
"metabat1.7.faa_contig436pilon_pilon_429",1.96230563626242,1.18389527239187,2.30756971923906,2.19668159538169,3.08153142491784,2.15407448615294,0,0,0,1.73823503865256,1.19559746605447,3.75444463520928,2.47727817412133,3.01240483997652,1.7610687491275,0,0,0
"metabat1.7.faa_contig436pilon_pilon_430",0,0.509913214608311,1.14765426080542,2.53081550425397,0,2.15407448615294,0,0,0,0,0,1.13098460611101,0,1.12312357938219,0,0,0,0
"metabat1.7.faa_contig436pilon_pilon_431",0.785936028605364,0,0.685058202165542,0,0,0,0,0,0,0,0.516148531667395,0.67359331525981,0,0,0,0,0,0
"metabat1.7.faa_contig436pilon_pilon_434",0,0,1.14765426080542,0,0,0,0,0,0,0,0,1.13098460611101,0,0,0,0,0,0
"metabat1.7.faa_contig436pilon_pilon_436",0.785936028605364,2.38946916323308,1.64486408351293,0,0,0.897401199107369,0,0,0,0,3.12802607292714,2.52615053480768,0,0,0,0,0,0
"metabat1.7.faa_contig436pilon_pilon_437",1.66568014541256,1.18389527239187,1.14765426080542,0,0,1.44647599839007,0,0,0,0,0.516148531667395,0,0,0,0,0,0,0
"metabat1.7.faa_contig436pilon_pilon_438",1.66568014541256,1.64146402980544,1.4973827041834,0,0,0,0,0,0,0,1.44388713727703,1.13098460611101,0,2.1809567813732,1.7610687491275,0,0,0
"metabat1.7.faa_contig436pilon_pilon_44",1.29185180527056,0.509913214608311,0.934818605712233,0,0,0,0,0,0,0,0,0,0,0,0,0,0,0
"metabat1.7.faa_contig436pilon_pilon_440",0.785936028605364,0.88590938112637,0.685058202165542,1.1340537405337,0,0,0,0,0,1.11645381230496,0.89550771308478,0.67359331525981,0,0,0,0,0,0
"metabat1.7.faa_contig436pilon_pilon_441",0,0,0.934818605712233,0,0,0,0,0,0,0,1.65565457285634,0.67359331525981,1.09903579045027,0,0,0,0,0
"metabat1.7.faa_contig436pilon_pilon_442",0,1.18389527239187,1.4973827041834,0,1.16619325035431,0,0,0,0,1.11645381230496,2.28427424259072,1.13098460611101,0,0,0,0,0,0
"metabat1.7.faa_contig436pilon_pilon_443",2.20822168944952,0.509913214608311,0.685058202165542,0,0,0,0,0,0,1.11645381230496,0.516148531667395,0,0,0,0,0,0,0
"metabat1.7.faa_contig436pilon_pilon_444",0.785936028605364,1.82529197697292,2.11859814958117,0,0,0.897401199107369,0,0,0,2.50399368872529,1.840279242946,2.19227141791183,0,0,1.7610687491275,0,0,0
"metabat1.7.faa_contig436pilon_pilon_445",0,0,0.934818605712233,0,0,0,0,0,0,0,0,0.67359331525981,0,1.12312357938219,1.1340537405337,0,0,0
"metabat1.7.faa_contig436pilon_pilon_446",1.29185180527056,0.88590938112637,1.14765426080542,0,2.85218620740818,0,0,0,0,0,1.19559746605447,1.13098460611101,1.09903579045027,1.12312357938219,0,0,0,0
"metabat1.7.faa_contig436pilon_pilon_447",0,1.18389527239187,0.685058202165542,0,0,0,0,0,0,0,0,0.67359331525981,0,0,0,0,0,0
"metabat1.7.faa_contig436pilon_pilon_448",0,0.88590938112637,1.14765426080542,1.1340537405337,0,1.44647599839007,0,0,0,0,0.89550771308478,0.67359331525981,0,1.74689798439781,0,0,0,0
"metabat1.7.faa_contig436pilon_pilon_449",0,1.82529197697292,1.77865745269737,0,0,0,0,0,0,0,2.28427424259072,0,0,0,0,0,0,0
"metabat1.7.faa_contig436pilon_pilon_45",0,1.18389527239187,0.38281488519608,0,0,0,0,0,0,0,0,0,0,0,0,0,1.29176539221842,0
"metabat1.7.faa_contig436pilon_pilon_450",0.785936028605364,0.509913214608311,0.934818605712233,0,0,0,0,0,0,1.11645381230496,0.89550771308478,0,0,0,0,0,0,0
"metabat1.7.faa_contig436pilon_pilon_451",0,1.18389527239187,1.4973827041834,0,0,0,0,0,0,0,0.89550771308478,0.67359331525981,0,0,0,0,0,0
"metabat1.7.faa_contig436pilon_pilon_452",0,1.18389527239187,0.38281488519608,0,0,0,0,0,0,0,0,0.67359331525981,0,0,0,0,0,0
"metabat1.7.faa_contig436pilon_pilon_456",0,0.88590938112637,1.33308998856978,0,0,0,0,1.35258389846972,0,0,1.19559746605447,0,0,0,0,0,0,0
"metabat1.7.faa_contig436pilon_pilon_457",0.785936028605364,1.98832176012744,1.64486408351293,0,0,0,0,0,0,0,0.89550771308478,1.75709288071739,0,0,0,0,0,0
"metabat1.7.faa_contig436pilon_pilon_458",0,1.18389527239187,1.14765426080542,0,1.16619325035431,0,0,0,0,0,1.65565457285634,0,0,0,0,0,1.29176539221842,0
"metabat1.7.faa_contig436pilon_pilon_459",0.785936028605364,0.88590938112637,1.33308998856978,0,0,0,0,0,0,1.73823503865256,0.516148531667395,1.75709288071739,0,1.12312357938219,0,0,0,0
"metabat1.7.faa_contig436pilon_pilon_460",6.73788618045217,5.12586443008228,5.99095451340976,2.80193012411026,3.27936919850574,2.98215586941322,3.78852376581931,3.90527559506907,4.77385020229988,5.3475434288652,7.28796839809474,5.78525527544345,3.87827190983408,2.51417842914998,3.9389394714275,3.47651363774691,4.75856665667823,4.68809806144009
"metabat1.7.faa_contig436pilon_pilon_461",1.29185180527056,0.88590938112637,0.934818605712233,0,0,0,0,0,0,0,1.19559746605447,1.13098460611101,0,0,0,0,1.29176539221842,0
"metabat1.7.faa_contig436pilon_pilon_462",4.71958717391639,1.98832176012744,2.99807247709387,0,0,2.15407448615294,0,0,0,2.17133542639018,5.68160301139665,1.99102887400464,1.09903579045027,1.12312357938219,2.53081550425397,0,2.76406976883088,1.46983126765765
"metabat1.7.faa_contig436pilon_pilon_463",0.785936028605364,0.509913214608311,0.934818605712233,1.7610687491275,0,0,0,0,0,0,0.89550771308478,0,1.09903579045027,0,0,0,0,0
"metabat1.7.faa_contig436pilon_pilon_465",2.76419434237269,1.64146402980544,2.47463106669557,5.60850840718316,4.46931219450942,5.51918941325913,1.37979066905676,1.35258389846972,0,0,2.00393517636671,1.99102887400464,4.26857187414286,4.6860406212483,3.22700466328771,0,0,1.46983126765765
"metabat1.7.faa_contig436pilon_pilon_466",0.785936028605364,0.509913214608311,0.38281488519608,0,0,0,0,0,0,0,0,1.13098460611101,0,0,0,0,0,0
"metabat1.7.faa_contig436pilon_pilon_467",0.785936028605364,0.88590938112637,0.934818605712233,0,0,0,0,0,0,0,0.89550771308478,0.67359331525981,0,0,0,0,0,0
"metabat1.7.faa_contig436pilon_pilon_468",0,0.88590938112637,0.934818605712233,0,0,0,0,0,0,0,0.89550771308478,0,0,0,0,0,0,0
"metabat1.7.faa_contig436pilon_pilon_469",0,0.88590938112637,0.934818605712233,0,0,0,0,0,0,2.50399368872529,0.89550771308478,0.67359331525981,0,0,0,0,0,0
"metabat1.7.faa_contig436pilon_pilon_470",0,1.82529197697292,0.934818605712233,0,0,0,0,0,0,0,0.516148531667395,0,0,0,0,0,0,0
"metabat1.7.faa_contig436pilon_pilon_471",0,0.88590938112637,0.685058202165542,0,0,0,0,0,0,0,0.516148531667395,0.67359331525981,0,0,0,0,0,0
"metabat1.7.faa_contig436pilon_pilon_472",0,0.88590938112637,0.934818605712233,0,0,0,0,0,0,0,1.44388713727703,0,0,0,0,0,0,0
"metabat1.7.faa_contig436pilon_pilon_473",0.785936028605364,0.88590938112637,0.38281488519608,1.1340537405337,0,0,0,0,0,0,1.44388713727703,1.13098460611101,0,0,1.1340537405337,0,0,0
"metabat1.7.faa_contig436pilon_pilon_474",0.785936028605364,0.88590938112637,0.934818605712233,0,0,0.897401199107369,0,0,0,0,1.19559746605447,0,1.71555497817818,0,0,0,0,0
"metabat1.7.faa_contig436pilon_pilon_476",0.785936028605364,2.13478485261146,1.4973827041834,0,0,0,0,0,0,1.73823503865256,0.89550771308478,1.4777407110858,0,0,0,0,1.96219704722974,0
"metabat1.7.faa_contig436pilon_pilon_477",5.96712026855568,5.38199607396814,6.07789388477877,2.80193012411026,3.27936919850574,4.96323203060698,5.35957923432865,6.08339864561752,5.34112625858312,6.89459366766965,5.12847674342557,6.71605994086384,4.93993103493196,3.53650372487776,4.49220066742436,5.80727647058455,5.73166893698234,5.11386733651202
"metabat1.7.faa_contig436pilon_pilon_478",0,1.18389527239187,0.685058202165542,0,0,0,0,0,0,0,0.516148531667395,0.67359331525981,0,0,0,0,0,0
"metabat1.7.faa_contig436pilon_pilon_479",0,1.43074458043053,1.33308998856978,0,0,0,0,0,0,0,1.44388713727703,0,0,0,0,0,0,0
"metabat1.7.faa_contig436pilon_pilon_480",0.785936028605364,1.43074458043053,1.77865745269737,2.19668159538169,1.16619325035431,1.84322922738708,0,0,0,0,1.19559746605447,1.4777407110858,0,0,1.7610687491275,0,0,0
"metabat1.7.faa_contig436pilon_pilon_481",5.88109806744716,5.63679632588605,6.31110203521488,3.40025988685526,2.85218620740818,4.38144079109193,5.87487119999588,5.42457459384117,4.95988824650541,6.54353567322256,5.2475998579087,7.06919878677071,5.18608683317085,3.92011864479253,4.14783082567737,5.15926260812793,5.52031265005439,4.8737305002207
"metabat1.7.faa_contig436pilon_pilon_482",6.52748544945478,5.85327830188496,6.71742985350613,4.41350443095103,4.69397480083484,3.88784897214272,6.50349410086721,6.71558164232051,4.77385020229988,7.32072114662644,5.79770799131705,7.48314823640992,6.11949909565034,4.2228593442487,3.55492163421865,6.38362537121885,6.01623072112892,5.25428390622844
"metabat1.7.faa_contig436pilon_pilon_483",0,1.43074458043053,0,0,0,0.897401199107369,0,0,0,0,0,0,0,0,1.7610687491275,0,0,0
"metabat1.7.faa_contig436pilon_pilon_484",0,1.18389527239187,0.934818605712233,0,0,0.897401199107369,0,0,0,0,1.44388713727703,0,0,1.74689798439781,0,0,0,0
"metabat1.7.faa_contig436pilon_pilon_487",1.96230563626242,3.98538736947158,4.92963440504286,0,0,1.44647599839007,1.37979066905676,1.35258389846972,0,0,4.00491729558509,4.09306160581292,0,0,0,0,0,0
"metabat1.7.faa_contig436pilon_pilon_488",0,0.509913214608311,0.38281488519608,0,0,0,0,0,0,0,1.19559746605447,0,0,0,1.1340537405337,0,0,0
"metabat1.7.faa_contig436pilon_pilon_489",0.785936028605364,1.18389527239187,1.33308998856978,0,1.16619325035431,0,0,0,0,0,0.516148531667395,1.13098460611101,0,0,0,0,0,0
"metabat1.7.faa_contig436pilon_pilon_490",0,2.13478485261146,1.14765426080542,0,0,0,0,0,0,0,1.44388713727703,1.4777407110858,0,0,0,0,0,0
"metabat1.7.faa_contig436pilon_pilon_492",0.785936028605364,0,0.38281488519608,0,0,0,0,0,0,1.11645381230496,1.19559746605447,0.67359331525981,0,0,0,0,0,0
"metabat1.7.faa_contig436pilon_pilon_495",0,0.509913214608311,0.934818605712233,0,0,0,0,0,0,0,0,1.13098460611101,1.09903579045027,0,0,0,0,0
"metabat1.7.faa_contig436pilon_pilon_497",0,0,0.685058202165542,1.7610687491275,0,0,0,0,0,0,1.840279242946,0.67359331525981,0,0,0,0,0,0
"metabat1.7.faa_contig436pilon_pilon_498",0,2.26773977122091,1.64486408351293,0,0,0,0,0,0,0,1.44388713727703,1.13098460611101,0,0,1.1340537405337,0,0,0
"metabat1.7.faa_contig436pilon_pilon_499",0.785936028605364,0.88590938112637,0.934818605712233,0,0,0,0,0,0,0,0.516148531667395,1.4777407110858,0,0,0,0,0,0
"metabat1.7.faa_contig436pilon_pilon_501",1.29185180527056,2.26773977122091,1.14765426080542,0,0,1.44647599839007,0,0,0,2.50399368872529,2.15090332733127,0.67359331525981,0,0,0,0,0,0
"metabat1.7.faa_contig436pilon_pilon_502",0,0.88590938112637,1.14765426080542,0,0,0,0,0,0,2.17133542639018,0.516148531667395,0,0,1.12312357938219,1.1340537405337,0,0,0
"metabat1.7.faa_contig436pilon_pilon_503",0,1.43074458043053,0.38281488519608,0,0,0,0,0,0,0,0.89550771308478,1.13098460611101,0,0,0,0,0,0
"metabat1.7.faa_contig436pilon_pilon_504",0,0.88590938112637,0.685058202165542,1.1340537405337,2.24262160634391,0,0,0,0,0,0.89550771308478,0.67359331525981,1.09903579045027,0,0,0,0,0
"metabat1.7.faa_contig436pilon_pilon_505",0,1.64146402980544,0.685058202165542,2.19668159538169,0,0.897401199107369,0,0,0,0,0,0,0,0,0,0,0,0
"metabat1.7.faa_contig436pilon_pilon_506",1.66568014541256,1.43074458043053,1.14765426080542,2.19668159538169,0,0,0,0,0,0,2.51890127711715,2.19227141791183,1.71555497817818,1.74689798439781,2.53081550425397,0,0,0
"metabat1.7.faa_contig436pilon_pilon_507",0,1.64146402980544,1.4973827041834,0,0,0,0,0,0,0,2.28427424259072,0.67359331525981,0,0,0,0,0,0
"metabat1.7.faa_contig436pilon_pilon_508",0,0,0.38281488519608,0,0,0,0,0,0,0,0.516148531667395,1.4777407110858,0,0,0,0,0,0
"metabat1.7.faa_contig436pilon_pilon_510",1.29185180527056,1.18389527239187,0.934818605712233,0,0,1.84322922738708,0,0,0,0,0.516148531667395,0,0,0,0,0,0,0
"metabat1.7.faa_contig436pilon_pilon_511",0,0.509913214608311,1.14765426080542,0,0,0,0,0,0,1.11645381230496,0.516148531667395,0,0,0,0,0,1.29176539221842,0
"metabat1.7.faa_contig436pilon_pilon_512",1.66568014541256,1.98832176012744,1.33308998856978,0,0,2.15407448615294,0,1.35258389846972,0,0,2.62330189181478,0.67359331525981,0,1.12312357938219,1.1340537405337,1.29118405857877,0,0
"metabat1.7.faa_contig436pilon_pilon_515",0,0,0.38281488519608,1.1340537405337,0,0,0,0,0,0,1.19559746605447,0.67359331525981,2.14611569478379,0,0,0,0,0
"metabat1.7.faa_contig436pilon_pilon_517",0,1.98832176012744,1.14765426080542,0,0,0,0,0,0,1.73823503865256,1.65565457285634,1.13098460611101,0,1.12312357938219,0,0,0,0
"metabat1.7.faa_contig436pilon_pilon_518",0,0,0.685058202165542,1.1340537405337,0,0,0,0,0,0,0.89550771308478,1.13098460611101,0,0,0,0,0,0
"metabat1.7.faa_contig436pilon_pilon_519",0,1.18389527239187,1.33308998856978,0,0,1.84322922738708,0,0,0,0,0.89550771308478,1.13098460611101,1.09903579045027,0,1.7610687491275,0,0,0
"metabat1.7.faa_contig436pilon_pilon_522",0,1.18389527239187,1.14765426080542,0,0,0,0,0,0,1.11645381230496,1.19559746605447,1.13098460611101,0,0,0,0,0,0
"metabat1.7.faa_contig436pilon_pilon_523",0.785936028605364,1.98832176012744,1.14765426080542,0,0,0,0,0,0,2.17133542639018,1.840279242946,0,2.14611569478379,0,0,0,0,0
"metabat1.7.faa_contig436pilon_pilon_524",0.785936028605364,1.98832176012744,1.4973827041834,0,0,0,0,0,0,1.11645381230496,1.44388713727703,1.4777407110858,0,0,0,1.29118405857877,0,1.46983126765765
"metabat1.7.faa_contig436pilon_pilon_526",0.785936028605364,0,0,0,0,0,0,0,0,0,1.19559746605447,0.67359331525981,0,0,0,0,0,0
"metabat1.7.faa_contig436pilon_pilon_527",1.29185180527056,2.26773977122091,1.90108923408269,0,0,0,0,0,0,1.11645381230496,2.62330189181478,2.66797545578142,0,0,0,0,0,0
"metabat1.7.faa_contig436pilon_pilon_528",1.29185180527056,1.64146402980544,1.33308998856978,0,0,0,0,0,0,1.73823503865256,1.65565457285634,1.13098460611101,0,0,0,0,0,0
"metabat1.7.faa_contig436pilon_pilon_529",1.66568014541256,1.98832176012744,2.39351721646857,0,0,0,0,0,0,0,1.44388713727703,0,0,0,0,0,0,0
"metabat1.7.faa_contig436pilon_pilon_530",0.785936028605364,1.82529197697292,2.30756971923906,0,0,0,0,0,0,0,1.840279242946,1.75709288071739,0,0,0,0,0,0
"metabat1.7.faa_contig436pilon_pilon_531",0.785936028605364,2.13478485261146,1.77865745269737,0,0,0.897401199107369,0,0,0,0,2.00393517636671,1.75709288071739,1.71555497817818,0,0,0,0,0
"metabat1.7.faa_contig436pilon_pilon_532",0,0.88590938112637,0.934818605712233,0,0,0,0,0,0,0,1.19559746605447,0,1.71555497817818,0,0,0,0,0
"metabat1.7.faa_contig436pilon_pilon_534",0,0,1.90108923408269,0,0,0,0,0,0,2.17133542639018,1.19559746605447,1.13098460611101,0,0,0,0,0,0
"metabat1.7.faa_contig436pilon_pilon_535",0,0,0.38281488519608,0,0,0,0,0,0,0,0.516148531667395,1.4777407110858,0,0,0,0,0,0
"metabat1.7.faa_contig436pilon_pilon_536",0.785936028605364,1.43074458043053,1.90108923408269,0,0,0,0,0,0,0,1.65565457285634,1.99102887400464,0,0,0,0,0,0
"metabat1.7.faa_contig436pilon_pilon_537",0,1.43074458043053,0.685058202165542,1.1340537405337,0,1.44647599839007,0,0,0,0,0.89550771308478,1.13098460611101,1.09903579045027,0,1.1340537405337,0,0,0
"metabat1.7.faa_contig436pilon_pilon_539",0,0,0.38281488519608,0,0,0.897401199107369,2.53777273352371,0,0,0,1.19559746605447,0,0,0,0,0,0,1.46983126765765
"metabat1.7.faa_contig436pilon_pilon_54",0,0.88590938112637,0.934818605712233,0,0,0,0,0,0,0,0.89550771308478,0.67359331525981,0,0,0,0,0,0
"metabat1.7.faa_contig436pilon_pilon_540",0,1.18389527239187,0.934818605712233,1.1340537405337,0,0.897401199107369,0,0,0,0,0.89550771308478,0,0,1.12312357938219,0,0,0,0
"metabat1.7.faa_contig436pilon_pilon_541",1.29185180527056,0,1.14765426080542,0,0,1.44647599839007,0,0,0,1.11645381230496,1.44388713727703,0,0,0,0,0,0,0
"metabat1.7.faa_contig436pilon_pilon_542",0.785936028605364,0.509913214608311,0.685058202165542,0,1.80255518101465,0.897401199107369,0,0,0,0,0.89550771308478,0.67359331525981,0,0,0,0,0,0
"metabat1.7.faa_contig436pilon_pilon_543",0.785936028605364,0.88590938112637,1.77865745269737,0,0,0.897401199107369,0,0,0,2.17133542639018,0,0.67359331525981,1.09903579045027,1.12312357938219,2.19668159538169,0,0,0
"metabat1.7.faa_contig436pilon_pilon_544",0.785936028605364,0.509913214608311,0,1.7610687491275,0,0,0,0,0,0,0.516148531667395,0.67359331525981,0,0,0,0,0,0
"metabat1.7.faa_contig436pilon_pilon_547",0,0.509913214608311,0.38281488519608,0,0,0,0,0,0,0,1.19559746605447,0,0,0,0,0,0,0
"metabat1.7.faa_contig436pilon_pilon_549",0.785936028605364,1.64146402980544,0.934818605712233,0,1.16619325035431,0,0,0,0,0,1.19559746605447,0.67359331525981,0,0,0,0,0,0
"metabat1.7.faa_contig436pilon_pilon_550",0.785936028605364,0,0.38281488519608,1.1340537405337,0,0.897401199107369,0,0,0,0,0,0,1.71555497817818,0,0,1.9614664838957,0,0
"metabat1.7.faa_contig436pilon_pilon_551",1.66568014541256,0.88590938112637,0.934818605712233,2.53081550425397,1.16619325035431,2.40967275086044,0,0,0,1.11645381230496,1.44388713727703,0,0,0,1.7610687491275,0,0,0
"metabat1.7.faa_contig436pilon_pilon_554",1.66568014541256,0.88590938112637,1.14765426080542,0,0,0.897401199107369,0,0,0,0,1.44388713727703,0,0,0,0,0,0,0
"metabat1.7.faa_contig436pilon_pilon_555",1.96230563626242,0,1.14765426080542,0,0,0,0,0,0,0,0.89550771308478,1.4777407110858,0,0,0,0,0,0
"metabat1.7.faa_contig436pilon_pilon_556",0,1.43074458043053,1.14765426080542,0,0,0,0,0,0,0,0,1.13098460611101,0,0,0,0,0,0
"metabat1.7.faa_contig436pilon_pilon_558",1.29185180527056,1.18389527239187,1.77865745269737,0,0,0,0,0,0,0,0.516148531667395,2.36884809447434,0,0,0,0,0,0
"metabat1.7.faa_contig436pilon_pilon_559",0,0.509913214608311,1.33308998856978,0,0,0,0,0,0,0,1.44388713727703,1.13098460611101,0,0,0,0,0,0
"metabat1.7.faa_contig436pilon_pilon_560",0,1.43074458043053,1.14765426080542,0,0,0,0,0,0,0,1.65565457285634,1.75709288071739,0,0,0,0,0,0
"metabat1.7.faa_contig436pilon_pilon_561",0.785936028605364,0.88590938112637,1.33308998856978,0,0,0,0,0,0,0,0.89550771308478,0,0,0,0,0,0,0
"metabat1.7.faa_contig436pilon_pilon_562",0.785936028605364,1.82529197697292,1.33308998856978,0,0,0,0,0,0,0,1.840279242946,1.4777407110858,0,0,0,0,0,2.18262553826444
"metabat1.7.faa_contig436pilon_pilon_563",1.29185180527056,2.26773977122091,0.38281488519608,0,0,0,0,0,0,0,0.89550771308478,0,0,0,0,0,0,0
"metabat1.7.faa_contig436pilon_pilon_564",1.29185180527056,2.13478485261146,1.77865745269737,0,0,0,0,0,0,0,1.44388713727703,1.99102887400464,0,0,0,0,0,0
"metabat1.7.faa_contig436pilon_pilon_566",0,0,0.934818605712233,0,0,1.44647599839007,0,0,0,0,0,0,0,0,0,0,0,0
"metabat1.7.faa_contig436pilon_pilon_567",1.29185180527056,1.98832176012744,1.4973827041834,0,0,0,0,0,0,0,1.44388713727703,1.4777407110858,0,0,0,0,0,0
"metabat1.7.faa_contig436pilon_pilon_57",0,0.509913214608311,1.14765426080542,0,0,0,0,0,0,0,0,0,0,0,0,0,0,0
"metabat1.7.faa_contig436pilon_pilon_570",1.96230563626242,1.98832176012744,2.01393892571283,2.19668159538169,0,1.84322922738708,0,0,0,2.17133542639018,2.62330189181478,2.66797545578142,2.14611569478379,2.1809567813732,0,1.9614664838957,0,2.18262553826444
"metabat1.7.faa_contig436pilon_pilon_571",0,0.88590938112637,1.77865745269737,1.7610687491275,0,0,0,0,0,0,0.89550771308478,1.4777407110858,0,0,1.1340537405337,0,0,0
"metabat1.7.faa_contig436pilon_pilon_572",0,1.82529197697292,2.21617578280615,0,1.80255518101465,0,0,0,0,2.50399368872529,2.51890127711715,1.75709288071739,0,2.1809567813732,0,0,0,0
"metabat1.7.faa_contig436pilon_pilon_575",0,0.88590938112637,1.33308998856978,0,0,0.897401199107369,0,0,0,0,1.19559746605447,0.67359331525981,0,1.74689798439781,1.7610687491275,0,0,0
"metabat1.7.faa_contig436pilon_pilon_576",0,1.18389527239187,0.38281488519608,0,0,0,0,0,0,0,0,0.67359331525981,1.09903579045027,0,0,0,0,0
"metabat1.7.faa_contig436pilon_pilon_577",0,0,0.685058202165542,0,0,0,0,0,0,1.11645381230496,1.44388713727703,0.67359331525981,0,0,0,0,0,0
"metabat1.7.faa_contig436pilon_pilon_578",0,1.64146402980544,0.38281488519608,0,0,0,0,0,0,0,0.89550771308478,0,0,0,0,0,0,0
"metabat1.7.faa_contig436pilon_pilon_58",2.41826115096941,1.43074458043053,2.69374376525252,1.1340537405337,0,0,0,0,0,0,2.40635221835154,0.67359331525981,0,0,0,0,0,0
"metabat1.7.faa_contig436pilon_pilon_580",0,1.18389527239187,2.01393892571283,0,0,0,0,0,0,0,1.65565457285634,1.13098460611101,0,1.12312357938219,0,0,0,0
"metabat1.7.faa_contig436pilon_pilon_581",0.785936028605364,0.509913214608311,0.685058202165542,0,0,0,0,2.0382190429837,0,2.17133542639018,1.44388713727703,1.13098460611101,0,0,2.19668159538169,0,1.29176539221842,1.46983126765765
"metabat1.7.faa_contig436pilon_pilon_582",1.29185180527056,0.509913214608311,0.685058202165542,0,0,0,0,0,0,0,0,0.67359331525981,0,0,0,0,0,0
"metabat1.7.faa_contig436pilon_pilon_583",0.785936028605364,1.43074458043053,0.685058202165542,0,0,2.15407448615294,0,0,0,0,0,0.67359331525981,0,1.12312357938219,0,0,0,0
"metabat1.7.faa_contig436pilon_pilon_584",1.29185180527056,1.43074458043053,0.38281488519608,0,0,0,0,0,0,0,0.516148531667395,1.13098460611101,0,0,0,0,0,0
"metabat1.7.faa_contig436pilon_pilon_585",0,0.88590938112637,0.38281488519608,0,0,0,0,0,0,0,0.89550771308478,0,0,0,0,0,0,0
"metabat1.7.faa_contig436pilon_pilon_586",1.66568014541256,1.98832176012744,3.24925354318237,0,0,0,0,0,0,0,1.19559746605447,3.31115602998447,0,0,1.1340537405337,0,0,0
"metabat1.7.faa_contig436pilon_pilon_589",0,1.18389527239187,0,0,0,0,0,0,0,0,1.65565457285634,0,1.09903579045027,0,0,0,0,0
"metabat1.7.faa_contig436pilon_pilon_591",0,0,0,0,0,0,0,0,0,0,1.19559746605447,1.13098460611101,0,0,0,0,0,0
"metabat1.7.faa_contig436pilon_pilon_592",0,1.64146402980544,1.4973827041834,0,0,0,0,0,0,0,2.40635221835154,0,0,0,0,0,0,0
"metabat1.7.faa_contig436pilon_pilon_593",0.785936028605364,1.18389527239187,0.38281488519608,0,0,0,0,0,0,0,0.516148531667395,0,0,0,0,0,0,0
"metabat1.7.faa_contig436pilon_pilon_594",0.785936028605364,0,2.21617578280615,0,0,0,0,0,0,0,5.27990341171842,2.66797545578142,0,0,0,0,0,0
"metabat1.7.faa_contig436pilon_pilon_595",2.60157159760965,0.88590938112637,3.29463827516837,0,0,0,0,0,0,0,5.66946158344602,2.36884809447434,0,0,0,0,0,0
"metabat1.7.faa_contig436pilon_pilon_596",0.785936028605364,0.509913214608311,1.14765426080542,0,0,0,0,0,0,0,3.75208855671613,1.75709288071739,0,0,0,0,0,0
"metabat1.7.faa_contig436pilon_pilon_597",0.785936028605364,1.64146402980544,0.934818605712233,0,0,0.897401199107369,0,0,0,0,2.72065470380689,0,0,0,0,0,0,0
"metabat1.7.faa_contig436pilon_pilon_598",0,1.18389527239187,1.77865745269737,0,0,0,0,0,0,0,0,0,0,0,0,0,0,0
"metabat1.7.faa_contig436pilon_pilon_6",0.785936028605364,1.18389527239187,0.685058202165542,0,0,0.897401199107369,0,0,0,0,0,0.67359331525981,0,0,0,0,0,0
"metabat1.7.faa_contig436pilon_pilon_60",0.785936028605364,1.43074458043053,1.33308998856978,0,0,0,0,0,0,0,0,0,0,0,0,0,0,0
"metabat1.7.faa_contig436pilon_pilon_600",0,0.509913214608311,0.934818605712233,0,1.16619325035431,0,0,0,0,0,1.840279242946,0,0,1.12312357938219,0,0,0,0
"metabat1.7.faa_contig436pilon_pilon_601",0,0,1.14765426080542,0,0,0,0,0,0,0,0.89550771308478,0,0,1.12312357938219,0,0,0,0
"metabat1.7.faa_contig436pilon_pilon_602",0.785936028605364,2.13478485261146,1.77865745269737,1.1340537405337,0,0,0,0,0,0,2.51890127711715,2.36884809447434,1.09903579045027,1.12312357938219,0,2.41734347868894,0,0
"metabat1.7.faa_contig436pilon_pilon_603",0,0.88590938112637,0.38281488519608,0,0,0,0,0,0,0,0.89550771308478,1.13098460611101,0,0,0,0,0,0
"metabat1.7.faa_contig436pilon_pilon_604",0,1.98832176012744,1.14765426080542,1.7610687491275,2.24262160634391,0,0,0,0,0,1.840279242946,1.4777407110858,0,1.74689798439781,1.1340537405337,0,0,0
"metabat1.7.faa_contig436pilon_pilon_605",2.20822168944952,0.509913214608311,2.01393892571283,0,2.24262160634391,0.897401199107369,0,0,0,0,1.65565457285634,1.13098460611101,0,1.12312357938219,1.1340537405337,0,0,0
"metabat1.7.faa_contig436pilon_pilon_606",1.29185180527056,0.509913214608311,0.685058202165542,1.1340537405337,1.80255518101465,1.84322922738708,0,0,0,0,1.19559746605447,1.13098460611101,1.09903579045027,0,1.1340537405337,0,0,0
"metabat1.7.faa_contig436pilon_pilon_607",1.66568014541256,1.98832176012744,1.90108923408269,3.69459678192323,3.99369705920218,3.80122214990775,0,0,0,0,2.40635221835154,3.0251155373296,2.7464361614707,3.38203703533331,2.19668159538169,0,1.29176539221842,0
"metabat1.7.faa_contig436pilon_pilon_608",0,0.509913214608311,0.38281488519608,0,1.80255518101465,2.15407448615294,0,0,0,1.11645381230496,2.28427424259072,1.13098460611101,0,2.1809567813732,1.7610687491275,0,0,0
"metabat1.7.faa_contig436pilon_pilon_61",0,1.18389527239187,1.14765426080542,0,0,0,0,0,0,0,0.89550771308478,1.13098460611101,1.71555497817818,0,1.1340537405337,0,0,0
"metabat1.7.faa_contig436pilon_pilon_610",1.29185180527056,2.70299855236506,2.69374376525252,0,0,1.44647599839007,2.07197274134539,0,0,1.73823503865256,2.97858288508698,1.75709288071739,0,0,2.19668159538169,0,0,0
"metabat1.7.faa_contig436pilon_pilon_611",0,1.64146402980544,0.685058202165542,0,0,0,0,0,0,0,0,0.67359331525981,0,0,0,0,0,0
"metabat1.7.faa_contig436pilon_pilon_612",0,0.509913214608311,0.38281488519608,0,0,0,0,0,0,0,1.19559746605447,1.13098460611101,0,0,0,0,0,0
"metabat1.7.faa_contig436pilon_pilon_613",0,0.88590938112637,1.4973827041834,0,0,0,0,0,0,1.11645381230496,0,0.67359331525981,1.09903579045027,0,0,0,0,0
"metabat1.7.faa_contig436pilon_pilon_614",0,1.64146402980544,1.14765426080542,0,0,0,0,0,0,0,0,0,0,0,0,0,0,0
"metabat1.7.faa_contig436pilon_pilon_615",0,1.18389527239187,0.934818605712233,0,0,0,0,0,0,1.11645381230496,1.840279242946,0.67359331525981,0,0,0,0,0,0
"metabat1.7.faa_contig436pilon_pilon_617",0,0.509913214608311,1.64486408351293,1.1340537405337,0,0,0,0,0,0,0,1.13098460611101,0,0,0,0,0,0
"metabat1.7.faa_contig436pilon_pilon_618",0,0,1.14765426080542,0,0,0,0,0,0,0,1.19559746605447,1.4777407110858,0,0,0,0,0,0
"metabat1.7.faa_contig436pilon_pilon_619",1.96230563626242,2.50172189281124,1.33308998856978,0,1.80255518101465,0,0,0,0,1.11645381230496,2.28427424259072,1.13098460611101,0,0,0,0,0,0
"metabat1.7.faa_contig436pilon_pilon_62",0,1.82529197697292,0.934818605712233,0,0,0,0,0,0,0,2.40635221835154,0,0,0,0,0,0,0
"metabat1.7.faa_contig436pilon_pilon_621",0,0,0.38281488519608,0,1.16619325035431,0,0,0,0,0,0.89550771308478,0.67359331525981,0,0,0,0,0,0
"metabat1.7.faa_contig436pilon_pilon_623",0,0.88590938112637,0.934818605712233,0,0,0,0,0,0,0,0,0,0,0,0,0,0,0
"metabat1.7.faa_contig436pilon_pilon_624",0.785936028605364,1.18389527239187,1.33308998856978,0,0,0,0,0,0,0,1.44388713727703,1.75709288071739,1.09903579045027,0,0,0,0,0
"metabat1.7.faa_contig436pilon_pilon_625",1.29185180527056,1.98832176012744,1.4973827041834,0,0,0,0,0,0,0,1.840279242946,0,0,0,0,0,0,0
"metabat1.7.faa_contig436pilon_pilon_626",0,0.509913214608311,0,0,1.80255518101465,0,0,0,0,0,0.89550771308478,0.67359331525981,0,0,0,0,0,0
"metabat1.7.faa_contig436pilon_pilon_627",0.785936028605364,0,0.934818605712233,0,0,0,0,0,0,0,0.89550771308478,0,0,0,0,0,0,0
"metabat1.7.faa_contig436pilon_pilon_628",0.785936028605364,1.18389527239187,0.38281488519608,0,0,0,0,0,0,0,0,0,0,0,0,0,0,0
"metabat1.7.faa_contig436pilon_pilon_629",0,2.26773977122091,1.4973827041834,0,0,0,0,0,0,0,2.15090332733127,1.13098460611101,0,0,0,0,0,0
"metabat1.7.faa_contig436pilon_pilon_630",0,1.98832176012744,0.38281488519608,0,0,0,0,0,0,0,0.516148531667395,0.67359331525981,0,1.12312357938219,0,0,0,0
"metabat1.7.faa_contig436pilon_pilon_631",0,0,0.38281488519608,0,0,0.897401199107369,0,0,0,0,2.00393517636671,0.67359331525981,0,0,1.1340537405337,0,0,0
"metabat1.7.faa_contig436pilon_pilon_632",0.785936028605364,0.509913214608311,0.38281488519608,0,0,0,0,0,0,0,0.89550771308478,0,0,0,0,0,0,0
"metabat1.7.faa_contig436pilon_pilon_636",0,1.98832176012744,2.47463106669557,0,0,0,0,0,0,1.11645381230496,1.840279242946,0.67359331525981,1.71555497817818,1.12312357938219,0,0,0,0
"metabat1.7.faa_contig436pilon_pilon_637",0.785936028605364,0.509913214608311,0.38281488519608,0,0,0,0,0,0,0,0.516148531667395,0,1.09903579045027,0,0,0,0,0
"metabat1.7.faa_contig436pilon_pilon_638",1.29185180527056,2.70299855236506,2.30756971923906,1.1340537405337,1.16619325035431,1.44647599839007,0,0,0,0,1.840279242946,2.36884809447434,1.71555497817818,1.12312357938219,2.19668159538169,0,1.96219704722974,0
"metabat1.7.faa_contig436pilon_pilon_639",0,1.18389527239187,0.38281488519608,0,0,0.897401199107369,0,1.35258389846972,0,0,0,1.4777407110858,1.09903579045027,0,1.1340537405337,0,0,0
"metabat1.7.faa_contig436pilon_pilon_640",1.29185180527056,1.18389527239187,0.38281488519608,0,1.16619325035431,0.897401199107369,0,0,0,0,1.19559746605447,0,0,0,0,0,0,0
"metabat1.7.faa_contig436pilon_pilon_641",1.66568014541256,2.26773977122091,2.21617578280615,3.82193485693565,4.38591421295342,4.8811433219834,0,1.35258389846972,2.25257262097379,0,3.19731690639523,1.4777407110858,4.26857187414286,3.38203703533331,3.22700466328771,2.76323162931689,3.47740823299386,0
"metabat1.7.faa_contig436pilon_pilon_642",3.47754119462173,1.82529197697292,2.82327417442235,5.64341092711583,5.55566094113803,5.4353842630329,3.40787433560091,0,0,1.11645381230496,1.65565457285634,1.99102887400464,4.08658057769905,4.31113176005914,4.56682531581036,1.29118405857877,1.29176539221842,0
"metabat1.7.faa_contig436pilon_pilon_643",0,0,1.33308998856978,3.55492163421865,3.08153142491784,1.44647599839007,0,1.35258389846972,1.52740029239538,0,0,1.13098460611101,1.09903579045027,1.12312357938219,2.19668159538169,0,0,0
"metabat1.7.faa_contig436pilon_pilon_644",1.29185180527056,0,0.38281488519608,2.53081550425397,2.85218620740818,2.62673007810211,1.37979066905676,0,0,0,0,1.13098460611101,0,2.1809567813732,1.7610687491275,0,1.29176539221842,0
"metabat1.7.faa_contig436pilon_pilon_645",0.785936028605364,0,0.38281488519608,0,0,2.40967275086044,0,0,0,0,0,0,0,1.12312357938219,0,0,0,1.46983126765765
"metabat1.7.faa_contig436pilon_pilon_646",4.08173450351341,2.96040653444993,4.14678457577278,7.26610663132266,6.66929882891413,7.52948296650937,2.53777273352371,2.85095210606296,3.38035488492591,0,3.19731690639523,1.99102887400464,7.06053723017887,6.80411780982254,7.16163307004876,1.29118405857877,4.50615247664964,2.65756795586743
"metabat1.7.faa_contig436pilon_pilon_647",0,0,0.38281488519608,0,0,0.897401199107369,1.37979066905676,0,0,0,0.516148531667395,0,0,0,1.1340537405337,0,0,0
"metabat1.7.faa_contig436pilon_pilon_648",0,1.64146402980544,0.685058202165542,0,0,0,0,0,0,0,0.516148531667395,0,0,0,0,0,0,0
"metabat1.7.faa_contig436pilon_pilon_649",0.785936028605364,2.13478485261146,1.33308998856978,0,0,0,1.37979066905676,0,0,0,2.00393517636671,0.67359331525981,0,0,0,0,0,0
"metabat1.7.faa_contig436pilon_pilon_65",0.785936028605364,1.43074458043053,0.38281488519608,0,0,0,0,0,0,0,0.89550771308478,0.67359331525981,0,0,0,0,0,0
"metabat1.7.faa_contig436pilon_pilon_651",2.20822168944952,2.79400061842543,2.30756971923906,3.03006654447673,2.57936124805689,1.44647599839007,0,2.0382190429837,0,0,2.51890127711715,3.22196537340036,0,1.12312357938219,1.1340537405337,0,0,1.46983126765765
"metabat1.7.faa_contig436pilon_pilon_652",0,0.509913214608311,0.685058202165542,0,0,0.897401199107369,0,0,0,1.11645381230496,0.516148531667395,1.75709288071739,0,0,0,0,0,0
"metabat1.7.faa_contig436pilon_pilon_653",1.66568014541256,1.18389527239187,1.4973827041834,1.1340537405337,1.16619325035431,0,0,0,0,0,1.44388713727703,1.4777407110858,0,0,1.1340537405337,0,0,0
"metabat1.7.faa_contig436pilon_pilon_654",0.785936028605364,1.43074458043053,1.14765426080542,1.1340537405337,0,0,0,0,0,2.17133542639018,1.19559746605447,0,0,0,0,0,0,0
"metabat1.7.faa_contig436pilon_pilon_655",0.785936028605364,2.13478485261146,1.14765426080542,0,0,0,0,0,0,0,1.840279242946,1.75709288071739,0,0,1.1340537405337,0,0,0
"metabat1.7.faa_contig436pilon_pilon_657",2.60157159760965,2.50172189281124,2.47463106669557,0,1.80255518101465,1.44647599839007,0,0,0,1.11645381230496,1.840279242946,2.19227141791183,0,1.74689798439781,2.19668159538169,0,0,1.46983126765765
"metabat1.7.faa_contig436pilon_pilon_659",1.66568014541256,1.64146402980544,2.47463106669557,1.1340537405337,1.16619325035431,0,0,0,0,0,1.19559746605447,1.99102887400464,2.7464361614707,0,0,0,0,0
"metabat1.7.faa_contig436pilon_pilon_660",0,1.98832176012744,1.64486408351293,0,0,0,0,0,0,0,1.19559746605447,2.36884809447434,0,0,1.1340537405337,0,0,0
"metabat1.7.faa_contig436pilon_pilon_661",4.36132531669898,4.0968228553238,4.87091496668018,3.9389394714275,1.80255518101465,3.96956759739566,1.37979066905676,1.35258389846972,0,5.07500830927438,3.05523864457788,4.69997981512728,2.47727817412133,2.1809567813732,1.7610687491275,0,1.29176539221842,2.18262553826444
"metabat1.7.faa_contig436pilon_pilon_662",0.785936028605364,1.82529197697292,1.90108923408269,0,0,0.897401199107369,0,0,1.52740029239538,0,2.00393517636671,0,0,0,0,0,0,0
"metabat1.7.faa_contig436pilon_pilon_663",2.41826115096941,2.79400061842543,4.76202846332349,1.7610687491275,1.16619325035431,2.98215586941322,0,0,0,1.11645381230496,1.65565457285634,1.99102887400464,1.09903579045027,0,2.80193012411026,0,0,0
"metabat1.7.faa_contig436pilon_pilon_664",1.66568014541256,0.88590938112637,0.934818605712233,1.1340537405337,0,0,0,0,0,0,2.28427424259072,1.13098460611101,1.09903579045027,0,1.1340537405337,0,0,0
"metabat1.7.faa_contig436pilon_pilon_665",0.785936028605364,0,0.685058202165542,0,1.80255518101465,0,0,0,0,0,0.89550771308478,0,1.09903579045027,0,0,0,0,0
"metabat1.7.faa_contig436pilon_pilon_666",0.785936028605364,0,0,0,0,0,0,0,0,0,1.19559746605447,1.13098460611101,0,0,0,0,0,0
"metabat1.7.faa_contig436pilon_pilon_667",0.785936028605364,1.43074458043053,0,0,0,0,0,0,0,1.11645381230496,0.89550771308478,0.67359331525981,0,0,0,0,0,0
"metabat1.7.faa_contig436pilon_pilon_668",1.66568014541256,2.26773977122091,1.90108923408269,0,0,0,0,0,0,0,1.65565457285634,2.19227141791183,0,0,0,0,0,0
"metabat1.7.faa_contig436pilon_pilon_669",0,0.509913214608311,0.685058202165542,0,0,0,0,0,0,0,1.44388713727703,0,0,0,0,0,1.29176539221842,0
"metabat1.7.faa_contig436pilon_pilon_67",0,0.509913214608311,0.934818605712233,0,0,0,0,0,0,0,0,0.67359331525981,0,0,0,0,0,0
"metabat1.7.faa_contig436pilon_pilon_670",1.96230563626242,0.509913214608311,1.14765426080542,0,0,1.44647599839007,0,0,0,1.11645381230496,1.19559746605447,1.4777407110858,1.09903579045027,0,2.53081550425397,1.29118405857877,0,0
"metabat1.7.faa_contig436pilon_pilon_671",1.96230563626242,1.82529197697292,1.4973827041834,0,0,0,0,0,0,0,1.19559746605447,1.4777407110858,0,0,0,0,0,0
"metabat1.7.faa_contig436pilon_pilon_673",0.785936028605364,1.18389527239187,1.33308998856978,0,0,0,0,0,0,0,1.840279242946,0,0,0,0,0,0,0
"metabat1.7.faa_contig436pilon_pilon_674",1.96230563626242,1.98832176012744,2.5514261270497,1.7610687491275,0,2.62673007810211,1.37979066905676,0,0,0,0.89550771308478,2.36884809447434,0,1.12312357938219,1.1340537405337,0,0,0
"metabat1.7.faa_contig436pilon_pilon_675",1.66568014541256,1.98832176012744,1.64486408351293,0,1.16619325035431,0.897401199107369,0,0,1.52740029239538,1.73823503865256,1.44388713727703,1.75709288071739,0,0,0,0,0,0
"metabat1.7.faa_contig436pilon_pilon_676",2.60157159760965,2.38946916323308,1.64486408351293,1.1340537405337,1.16619325035431,0,0,0,0,1.11645381230496,1.65565457285634,2.79709764057128,0,0,0,0,0,0
"metabat1.7.faa_contig436pilon_pilon_677",0,1.43074458043053,1.14765426080542,0,0,0,0,0,0,0,1.44388713727703,0.67359331525981,1.09903579045027,0,0,0,0,0
"metabat1.7.faa_contig436pilon_pilon_679",1.29185180527056,0.509913214608311,1.33308998856978,0,0,0,0,0,0,0,1.44388713727703,0.67359331525981,1.09903579045027,0,0,0,0,0
"metabat1.7.faa_contig436pilon_pilon_68",0.785936028605364,0,1.14765426080542,0,0,0,0,0,0,0,0,0.67359331525981,0,0,0,0,0,0
"metabat1.7.faa_contig436pilon_pilon_680",1.96230563626242,0,1.4973827041834,3.69459678192323,3.08153142491784,3.70905964844488,0,2.0382190429837,0,0,0,2.19227141791183,3.49557149056926,3.53650372487776,4.14783082567737,0,1.96219704722974,0
"metabat1.7.faa_contig436pilon_pilon_681",1.66568014541256,0,0,2.53081550425397,1.16619325035431,1.44647599839007,0,0,0,0,1.19559746605447,0.67359331525981,2.97318671073354,0,1.1340537405337,0,0,0
"metabat1.7.faa_contig436pilon_pilon_682",1.66568014541256,1.18389527239187,0.685058202165542,0,0,0,0,0,0,0,0.516148531667395,0,0,0,0,0,0,0
"metabat1.7.faa_contig436pilon_pilon_686",1.66568014541256,1.43074458043053,1.14765426080542,2.80193012411026,1.16619325035431,1.84322922738708,0,0,0,0,0.89550771308478,1.13098460611101,0,1.12312357938219,0,0,0,0
"metabat1.7.faa_contig436pilon_pilon_687",0,0.88590938112637,0,0,0,0,0,0,0,0,1.65565457285634,1.13098460611101,0,0,0,0,0,0
"metabat1.7.faa_contig436pilon_pilon_688",1.29185180527056,2.50172189281124,2.01393892571283,0,1.16619325035431,0.897401199107369,0,0,0,1.11645381230496,2.40635221835154,1.13098460611101,1.09903579045027,0,0,0,0,0
"metabat1.7.faa_contig436pilon_pilon_689",0,0.509913214608311,1.33308998856978,0,0,0,0,0,0,0,1.19559746605447,1.13098460611101,1.09903579045027,0,0,0,0,0
"metabat1.7.faa_contig436pilon_pilon_69",0,1.18389527239187,0.934818605712233,0,0,0,0,0,0,0,0.516148531667395,0.67359331525981,0,0,0,0,0,0
"metabat1.7.faa_contig436pilon_pilon_690",0.785936028605364,1.43074458043053,0,0,0,0,0,0,0,1.11645381230496,1.19559746605447,1.13098460611101,0,0,0,1.29118405857877,0,0
"metabat1.7.faa_contig436pilon_pilon_691",0.785936028605364,0.509913214608311,1.33308998856978,2.19668159538169,1.80255518101465,0.897401199107369,1.37979066905676,0,0,0,0.516148531667395,0.67359331525981,1.71555497817818,3.01240483997652,0,0,0,0
"metabat1.7.faa_contig436pilon_pilon_692",0,0,0.38281488519608,0,0,0,0,0,0,0,0,1.13098460611101,0,0,1.1340537405337,1.9614664838957,0,0
"metabat1.7.faa_contig436pilon_pilon_693",0.785936028605364,1.43074458043053,2.11859814958117,0,0,0,0,0,0,1.11645381230496,2.00393517636671,2.36884809447434,0,0,0,0,0,0
"metabat1.7.faa_contig436pilon_pilon_694",0,0.88590938112637,0.934818605712233,0,0,1.44647599839007,0,0,0,0,1.19559746605447,1.4777407110858,0,0,0,0,0,0
"metabat1.7.faa_contig436pilon_pilon_695",0,0.509913214608311,0.38281488519608,0,0,0,0,0,0,1.11645381230496,0.516148531667395,0.67359331525981,0,0,1.1340537405337,0,0,0
"metabat1.7.faa_contig436pilon_pilon_696",2.20822168944952,1.43074458043053,1.90108923408269,0,0,0,0,0,0,1.73823503865256,0.516148531667395,2.52615053480768,0,0,0,0,0,1.46983126765765
"metabat1.7.faa_contig436pilon_pilon_697",2.60157159760965,1.43074458043053,0.38281488519608,0,0,0,0,0,0,1.11645381230496,0.89550771308478,1.75709288071739,0,1.12312357938219,1.1340537405337,0,0,0
"metabat1.7.faa_contig436pilon_pilon_698",0,1.82529197697292,1.33308998856978,1.7610687491275,0,1.84322922738708,0,0,0,1.73823503865256,0,0.67359331525981,1.71555497817818,1.74689798439781,1.7610687491275,0,0,0
"metabat1.7.faa_contig436pilon_pilon_699",2.76419434237269,1.43074458043053,3.05192925054972,1.7610687491275,1.80255518101465,2.81536084815067,0,0,0,2.50399368872529,1.840279242946,2.66797545578142,1.09903579045027,0,1.7610687491275,0,0,0
"metabat1.7.faa_contig436pilon_pilon_700",0.785936028605364,1.98832176012744,1.33308998856978,0,0,1.44647599839007,0,0,0,0,2.00393517636671,0,0,1.12312357938219,0,0,0,0
"metabat1.7.faa_contig436pilon_pilon_701",0,0.88590938112637,0.38281488519608,0,0,0,0,0,0,2.17133542639018,0.516148531667395,0.67359331525981,0,1.12312357938219,0,0,0,0
"metabat1.7.faa_contig436pilon_pilon_702",0,2.70299855236506,1.4973827041834,0,0,0,0,0,0,0,1.65565457285634,1.13098460611101,0,0,0,0,0,0
"metabat1.7.faa_contig436pilon_pilon_704",0,1.43074458043053,0.934818605712233,0,0,0,0,0,0,0,1.840279242946,0,0,0,0,0,0,0
"metabat1.7.faa_contig436pilon_pilon_706",1.29185180527056,1.64146402980544,1.64486408351293,0,0,0,0,0,0,0,1.19559746605447,1.75709288071739,0,0,0,1.29118405857877,0,0
"metabat1.7.faa_contig436pilon_pilon_707",0,1.43074458043053,1.33308998856978,0,0,0,0,0,0,0,1.19559746605447,0.67359331525981,0,0,0,0,0,0
"metabat1.7.faa_contig436pilon_pilon_709",0,1.18389527239187,1.4973827041834,0,0,0,0,0,0,0,0.89550771308478,0.67359331525981,0,0,0,0,0,0
"metabat1.7.faa_contig436pilon_pilon_71",0,1.64146402980544,1.14765426080542,0,0,0,0,0,0,0,2.00393517636671,1.13098460611101,0,0,0,0,0,0
"metabat1.7.faa_contig436pilon_pilon_711",2.20822168944952,1.98832176012744,0.685058202165542,0,0,0,1.37979066905676,0,0,0,1.44388713727703,1.13098460611101,0,0,0,0,0,0
"metabat1.7.faa_contig436pilon_pilon_712",0.785936028605364,0.509913214608311,0.685058202165542,0,0,0,0,0,0,0,0.89550771308478,0,0,0,0,0,0,0
"metabat1.7.faa_contig436pilon_pilon_713",0.785936028605364,2.70299855236506,1.4973827041834,0,0,0,1.37979066905676,0,0,0,0,1.4777407110858,0,0,0,0,0,0
"metabat1.7.faa_contig436pilon_pilon_714",0.785936028605364,2.26773977122091,1.14765426080542,0,0,0,0,1.35258389846972,0,0,1.19559746605447,0.67359331525981,0,1.12312357938219,0,0,0,0
"metabat1.7.faa_contig436pilon_pilon_715",2.76419434237269,3.94624372035118,2.21617578280615,1.1340537405337,0,0,0,0,0,1.73823503865256,5.81984840694159,2.66797545578142,0,0,0,0,0,0
"metabat1.7.faa_contig436pilon_pilon_716",2.76419434237269,3.90600832311839,3.15396239376198,0,0,0.897401199107369,0,0,0,2.17133542639018,5.89476882042391,3.39515229077606,0,0,0,0,0,0
"metabat1.7.faa_contig436pilon_pilon_717",1.29185180527056,1.98832176012744,2.5514261270497,1.1340537405337,0,1.44647599839007,0,0,0,0,2.15090332733127,2.91560668555758,0,0,0,0,0,0
"metabat1.7.faa_contig436pilon_pilon_718",0.785936028605364,1.43074458043053,1.33308998856978,0,0,0,0,0,0,1.11645381230496,2.00393517636671,0.67359331525981,1.09903579045027,1.12312357938219,1.1340537405337,0,0,0
"metabat1.7.faa_contig436pilon_pilon_719",1.29185180527056,1.82529197697292,1.14765426080542,0,0,0.897401199107369,0,0,0,1.11645381230496,1.19559746605447,0,0,0,0,0,0,0
"metabat1.7.faa_contig436pilon_pilon_72",0.785936028605364,1.82529197697292,0.685058202165542,1.7610687491275,0,0,0,0,0,0,1.840279242946,0.67359331525981,0,0,0,0,0,0
"metabat1.7.faa_contig436pilon_pilon_720",0,0.509913214608311,0.934818605712233,1.7610687491275,1.80255518101465,0.897401199107369,0,0,0,0,1.65565457285634,0.67359331525981,1.09903579045027,1.12312357938219,0,0,0,0
"metabat1.7.faa_contig436pilon_pilon_721",1.29185180527056,1.64146402980544,2.39351721646857,1.1340537405337,3.27936919850574,3.80122214990775,0,0,0,0,1.44388713727703,2.66797545578142,3.63472659822075,2.78469305237248,1.1340537405337,1.29118405857877,0,0
"metabat1.7.faa_contig436pilon_pilon_722",1.66568014541256,1.18389527239187,0.38281488519608,0,0,0,0,0,0,0,0.516148531667395,1.13098460611101,0,0,0,0,0,0
"metabat1.7.faa_contig436pilon_pilon_724",0,0,0.685058202165542,0,0,0,0,0,0,0,1.840279242946,0,0,0,0,0,0,0
"metabat1.7.faa_contig436pilon_pilon_725",0,0.509913214608311,0.38281488519608,0,0,0,0,0,0,0,0.89550771308478,0.67359331525981,0,0,0,0,0,0
"metabat1.7.faa_contig436pilon_pilon_726",0,0.509913214608311,0.934818605712233,0,0,0,0,0,0,0,0.89550771308478,0,0,0,0,0,0,1.46983126765765
"metabat1.7.faa_contig436pilon_pilon_729",0,1.64146402980544,1.14765426080542,0,0,0,0,0,0,1.73823503865256,2.00393517636671,1.4777407110858,0,0,0,0,0,0
"metabat1.7.faa_contig436pilon_pilon_730",0,0.88590938112637,0,0,0,0,0,0,0,0,0.89550771308478,0.67359331525981,0,0,0,0,0,0
"metabat1.7.faa_contig436pilon_pilon_733",0,1.82529197697292,1.33308998856978,0,0,0,2.07197274134539,0,0,0,0.516148531667395,1.75709288071739,0,0,0,0,0,0
"metabat1.7.faa_contig436pilon_pilon_734",0,0,1.64486408351293,0,0,0,0,0,0,0,1.19559746605447,0,0,0,0,0,0,0
"metabat1.7.faa_contig436pilon_pilon_736",0,0.88590938112637,1.90108923408269,0,0,0,0,0,0,0,1.19559746605447,1.13098460611101,0,0,0,0,0,0
"metabat1.7.faa_contig436pilon_pilon_737",0,2.13478485261146,1.4973827041834,0,0,0.897401199107369,0,0,0,0,2.00393517636671,1.4777407110858,0,0,0,0,0,0
"metabat1.7.faa_contig436pilon_pilon_738",1.66568014541256,2.26773977122091,2.39351721646857,0,0,0,0,0,0,0,1.65565457285634,1.13098460611101,0,0,0,0,0,0
"metabat1.7.faa_contig436pilon_pilon_739",0,2.50172189281124,2.5514261270497,0,1.16619325035431,0,0,0,0,0,3.50120641098635,2.79709764057128,0,1.12312357938219,0,0,0,0
"metabat1.7.faa_contig436pilon_pilon_740",0.785936028605364,0.509913214608311,0.685058202165542,0,0,0,0,0,0,0,1.65565457285634,0.67359331525981,0,0,0,0,0,0
"metabat1.7.faa_contig436pilon_pilon_741",0,0,1.14765426080542,0,0,0,0,0,0,0,0.516148531667395,0,0,0,0,0,0,0
"metabat1.7.faa_contig436pilon_pilon_742",0.785936028605364,0,0,0,0,0,0,0,0,0,1.19559746605447,0.67359331525981,0,0,0,0,0,0
"metabat1.7.faa_contig436pilon_pilon_746",0,0.509913214608311,1.33308998856978,0,0,0,0,0,0,0,0.89550771308478,0.67359331525981,0,0,0,0,0,0
"metabat1.7.faa_contig436pilon_pilon_749",0.785936028605364,1.18389527239187,0.934818605712233,0,0,0,0,0,0,0,2.00393517636671,0.67359331525981,0,0,0,0,0,0
"metabat1.7.faa_contig436pilon_pilon_75",0,1.43074458043053,0,1.1340537405337,0,0,0,0,0,0,0.516148531667395,1.75709288071739,0,0,0,0,0,0
"metabat1.7.faa_contig436pilon_pilon_750",1.66568014541256,2.26773977122091,1.77865745269737,0,0,0,0,1.35258389846972,0,2.17133542639018,1.65565457285634,0.67359331525981,0,0,0,0,0,0
"metabat1.7.faa_contig436pilon_pilon_751",0,0.509913214608311,0.934818605712233,0,0,0,0,0,0,0,1.19559746605447,0,0,0,0,0,0,0
"metabat1.7.faa_contig436pilon_pilon_752",0.785936028605364,1.18389527239187,0.38281488519608,0,0,0,0,0,0,0,0.89550771308478,0,0,0,0,1.29118405857877,0,0
"metabat1.7.faa_contig436pilon_pilon_753",0,0.88590938112637,1.33308998856978,0,0,0,0,0,0,0,0.516148531667395,1.13098460611101,0,0,0,0,0,0
"metabat1.7.faa_contig436pilon_pilon_754",0,0.509913214608311,0,0,0,0,0,0,0,0,1.19559746605447,1.13098460611101,0,0,0,0,0,0
"metabat1.7.faa_contig436pilon_pilon_755",0,1.18389527239187,1.14765426080542,0,0,0,0,0,0,1.73823503865256,0.516148531667395,1.13098460611101,0,0,0,0,0,0
"metabat1.7.faa_contig436pilon_pilon_76",0,0.509913214608311,1.14765426080542,0,0,0,0,0,0,0,0,0,0,0,0,0,0,0
"metabat1.7.faa_contig436pilon_pilon_760",0,0.509913214608311,1.33308998856978,0,0,0,0,0,0,0,2.40635221835154,1.13098460611101,0,0,0,1.29118405857877,0,0
"metabat1.7.faa_contig436pilon_pilon_762",1.29185180527056,2.38946916323308,2.75996219574681,0,0,0.897401199107369,0,1.35258389846972,0,0,3.12802607292714,3.22196537340036,0,0,0,0,0,0
"metabat1.7.faa_contig436pilon_pilon_763",0,1.18389527239187,0.685058202165542,0,1.16619325035431,0,0,0,0,1.11645381230496,1.19559746605447,1.75709288071739,0,1.12312357938219,1.1340537405337,1.29118405857877,0,0
"metabat1.7.faa_contig436pilon_pilon_764",1.66568014541256,2.50172189281124,3.4228074703425,3.03006654447673,0,0,1.37979066905676,0,0,1.73823503865256,1.44388713727703,3.62126360754066,1.71555497817818,2.51417842914998,1.1340537405337,1.29118405857877,0,2.18262553826444
"metabat1.7.faa_contig436pilon_pilon_765",0,0.509913214608311,2.01393892571283,0,0,0,0,0,0,0,1.44388713727703,1.99102887400464,1.09903579045027,0,0,0,0,0
"metabat1.7.faa_contig436pilon_pilon_766",0.785936028605364,1.18389527239187,1.77865745269737,1.7610687491275,0,0,0,0,0,1.73823503865256,0.89550771308478,2.79709764057128,0,1.12312357938219,0,0,0,0
"metabat1.7.faa_contig436pilon_pilon_767",0.785936028605364,2.26773977122091,3.33863871741216,2.80193012411026,3.60853581039944,0,1.37979066905676,0,0,0,1.44388713727703,3.22196537340036,2.47727817412133,1.74689798439781,2.53081550425397,1.9614664838957,0,0
"metabat1.7.faa_contig436pilon_pilon_768",1.66568014541256,1.64146402980544,3.29463827516837,2.19668159538169,3.08153142491784,0.897401199107369,0,1.35258389846972,0,1.11645381230496,0.89550771308478,4.28142113541152,0,3.01240483997652,2.19668159538169,0,0,0
"metabat1.7.faa_contig436pilon_pilon_769",1.66568014541256,2.79400061842543,3.84507555095142,3.9389394714275,3.08153142491784,2.40967275086044,0,1.35258389846972,0,0,3.12802607292714,3.39515229077606,0,2.51417842914998,3.03006654447673,1.29118405857877,0,0
"metabat1.7.faa_contig436pilon_pilon_77",0,2.13478485261146,0.934818605712233,0,0,0,0,0,0,0,1.65565457285634,1.13098460611101,0,0,0,0,0,0
"metabat1.7.faa_contig436pilon_pilon_770",3.16451550209409,4.16660148479094,5.30718056628776,3.69459678192323,3.45332008117911,2.81536084815067,3.17177214826266,2.85095210606296,0,1.73823503865256,4.15179035405074,4.99738820286013,2.47727817412133,3.8032256547964,3.55492163421865,0,0,0
"metabat1.7.faa_contig436pilon_pilon_771",2.60157159760965,3.17876660480948,4.97215692364395,2.19668159538169,2.85218620740818,2.98215586941322,2.07197274134539,1.35258389846972,0,1.73823503865256,2.81185139127062,4.52459713205007,3.16909176668987,3.92011864479253,2.53081550425397,3.04202115345873,0,2.65756795586743
"metabat1.7.faa_contig436pilon_pilon_772",0.785936028605364,1.43074458043053,2.88392414889163,0,0,1.44647599839007,0,0,0,0,1.65565457285634,2.79709764057128,0,0,0,0,0,0
"metabat1.7.faa_contig436pilon_pilon_774",1.66568014541256,1.98832176012744,1.64486408351293,0,1.16619325035431,0.897401199107369,0,0,0,0,2.28427424259072,1.4777407110858,0,1.12312357938219,0,0,0,0
"metabat1.7.faa_contig436pilon_pilon_775",0.785936028605364,0.88590938112637,0,0,0,0,0,0,0,0,1.65565457285634,0,0,0,0,0,0,0
"metabat1.7.faa_contig436pilon_pilon_777",0.785936028605364,1.82529197697292,2.39351721646857,0,1.16619325035431,0,0,0,0,0,2.00393517636671,2.66797545578142,0,1.12312357938219,1.7610687491275,0,0,0
"metabat1.7.faa_contig436pilon_pilon_778",0.785936028605364,2.13478485261146,1.14765426080542,0,0,0.897401199107369,0,0,0,0,1.65565457285634,0.67359331525981,1.09903579045027,0,0,0,0,0
"metabat1.7.faa_contig436pilon_pilon_779",0,1.98832176012744,1.14765426080542,1.1340537405337,0,0,0,0,0,0,1.840279242946,1.13098460611101,0,0,0,0,0,0
"metabat1.7.faa_contig436pilon_pilon_78",0.785936028605364,1.43074458043053,0.934818605712233,0,0,0,0,0,0,0,0.89550771308478,0.67359331525981,0,0,0,0,0,1.46983126765765
"metabat1.7.faa_contig436pilon_pilon_781",0.785936028605364,0.88590938112637,0.38281488519608,0,0,0.897401199107369,0,0,0,1.11645381230496,0.89550771308478,0.67359331525981,0,0,0,0,0,0
"metabat1.7.faa_contig436pilon_pilon_782",1.66568014541256,1.43074458043053,1.4973827041834,0,0,0,0,0,0,0,2.81185139127062,1.4777407110858,0,0,0,0,0,0
"metabat1.7.faa_contig436pilon_pilon_783",1.96230563626242,2.26773977122091,1.64486408351293,0,2.24262160634391,3.26709763171278,0,0,0,1.73823503865256,2.00393517636671,2.36884809447434,1.09903579045027,1.12312357938219,2.19668159538169,0,1.29176539221842,0
"metabat1.7.faa_contig436pilon_pilon_784",1.29185180527056,2.38946916323308,0.38281488519608,0,0,0,1.37979066905676,0,0,1.73823503865256,1.19559746605447,1.13098460611101,0,0,0,1.9614664838957,0,2.18262553826444
"metabat1.7.faa_contig436pilon_pilon_785",0.785936028605364,2.26773977122091,1.64486408351293,0,0,2.40967275086044,0,0,0,1.73823503865256,1.44388713727703,0.67359331525981,1.09903579045027,0,1.1340537405337,0,0,0
"metabat1.7.faa_contig436pilon_pilon_786",0,0.88590938112637,1.14765426080542,1.1340537405337,1.16619325035431,3.39091296255041,0,0,0,0,0.516148531667395,0.67359331525981,0,0,0,0,0,0
"metabat1.7.faa_contig436pilon_pilon_787",0,0.509913214608311,0.685058202165542,0,0,2.40967275086044,0,0,0,0,1.44388713727703,0,0,0,0,0,0,1.46983126765765
"metabat1.7.faa_contig436pilon_pilon_789",1.96230563626242,1.64146402980544,2.11859814958117,1.1340537405337,0,2.40967275086044,0,0,0,2.77413745748303,2.00393517636671,2.36884809447434,1.09903579045027,0,1.1340537405337,0,0,0
"metabat1.7.faa_contig436pilon_pilon_790",2.20822168944952,2.26773977122091,2.88392414889163,1.1340537405337,0,3.26709763171278,0,0,0,0,1.840279242946,2.19227141791183,1.71555497817818,1.12312357938219,0,0,0,0
"metabat1.7.faa_contig436pilon_pilon_791",0.785936028605364,1.18389527239187,1.14765426080542,0,0,0.897401199107369,0,0,0,1.11645381230496,0.89550771308478,0,0,0,1.1340537405337,0,0,0
"metabat1.7.faa_contig436pilon_pilon_793",1.66568014541256,0.88590938112637,0.934818605712233,0,0,1.84322922738708,0,0,0,0,0,0,0,0,0,0,0,0
"metabat1.7.faa_contig436pilon_pilon_794",1.96230563626242,1.82529197697292,2.69374376525252,0,1.16619325035431,2.15407448615294,0,0,0,0,1.65565457285634,2.19227141791183,0,0,0,0,0,0
"metabat1.7.faa_contig436pilon_pilon_795",0,1.43074458043053,1.77865745269737,0,0,1.44647599839007,0,0,0,1.11645381230496,2.00393517636671,1.13098460611101,1.09903579045027,0,1.1340537405337,0,0,0
"metabat1.7.faa_contig436pilon_pilon_796",0.785936028605364,1.18389527239187,0.38281488519608,0,0,0,0,0,0,0,0.516148531667395,0,0,0,0,0,0,0
"metabat1.7.faa_contig436pilon_pilon_797",1.96230563626242,0.88590938112637,1.64486408351293,0,0,0,0,0,0,0,1.19559746605447,0.67359331525981,0,0,0,0,0,0
"metabat1.7.faa_contig436pilon_pilon_799",6.9471003415946,5.45353134008717,6.0182673650882,3.82193485693565,2.85218620740818,3.13165008026539,3.94680148371806,4.50790068467267,4.44023807005354,4.85973166099086,7.31549971530179,5.80073821451456,3.76163235739226,3.38203703533331,4.41350443095103,3.47651363774691,5.03835020874874,3.53845991366166
"metabat1.7.faa_contig436pilon_pilon_8",0,0,0.38281488519608,0,0,0.897401199107369,0,0,0,0,0.516148531667395,1.4777407110858,1.09903579045027,0,0,0,0,0
"metabat1.7.faa_contig436pilon_pilon_800",1.66568014541256,0.509913214608311,0.685058202165542,0,0,0,0,0,0,0,1.44388713727703,0,0,0,0,0,0,0
"metabat1.7.faa_contig436pilon_pilon_801",1.29185180527056,1.98832176012744,1.33308998856978,0,0,0.897401199107369,0,0,0,1.11645381230496,1.840279242946,0.67359331525981,0,0,0,0,0,0
"metabat1.7.faa_contig436pilon_pilon_802",1.66568014541256,1.18389527239187,1.33308998856978,0,0,1.44647599839007,1.37979066905676,0,0,2.17133542639018,2.40635221835154,0.67359331525981,1.09903579045027,2.1809567813732,2.19668159538169,0,0,0
"metabat1.7.faa_contig436pilon_pilon_803",0.785936028605364,1.82529197697292,1.77865745269737,0,0,0,0,0,0,0,2.15090332733127,1.13098460611101,0,0,0,0,0,0
"metabat1.7.faa_contig436pilon_pilon_804",0,0.509913214608311,0.38281488519608,0,1.16619325035431,0,0,0,0,1.11645381230496,0.89550771308478,0,0,1.74689798439781,0,0,0,0
"metabat1.7.faa_contig436pilon_pilon_806",0,0.88590938112637,0,1.1340537405337,1.16619325035431,0.897401199107369,0,1.35258389846972,0,0,2.00393517636671,1.75709288071739,0,1.12312357938219,1.1340537405337,0,0,0
"metabat1.7.faa_contig436pilon_pilon_808",0,1.18389527239187,0.934818605712233,0,0,0,0,0,0,0,0.89550771308478,0,0,0,0,0,0,0
"metabat1.7.faa_contig436pilon_pilon_809",0,0.509913214608311,0.38281488519608,1.1340537405337,0,0.897401199107369,0,1.35258389846972,0,0,0.89550771308478,0.67359331525981,2.47727817412133,0,0,0,0,0
"metabat1.7.faa_contig436pilon_pilon_810",0,0,0.685058202165542,0,0,1.44647599839007,0,0,0,2.17133542639018,0.516148531667395,0,0,0,0,1.29118405857877,0,0
"metabat1.7.faa_contig436pilon_pilon_811",1.29185180527056,0.509913214608311,0.685058202165542,0,0,0,1.37979066905676,0,0,0,0,0,0,0,0,0,0,0
"metabat1.7.faa_contig436pilon_pilon_814",0,0,0.38281488519608,0,0,0,0,0,0,0,0.89550771308478,1.13098460611101,0,0,0,0,0,0
"metabat1.7.faa_contig436pilon_pilon_815",0.785936028605364,1.98832176012744,1.4973827041834,1.1340537405337,0,0,0,0,0,1.73823503865256,0.89550771308478,1.99102887400464,0,0,0,0,0,0
"metabat1.7.faa_contig436pilon_pilon_816",1.29185180527056,1.18389527239187,2.01393892571283,0,1.80255518101465,0.897401199107369,0,0,0,0,0.89550771308478,1.99102887400464,1.09903579045027,0,0,0,0,0
"metabat1.7.faa_contig436pilon_pilon_817",0,1.82529197697292,1.33308998856978,0,0,0,1.37979066905676,0,0,0,1.65565457285634,1.4777407110858,1.09903579045027,0,0,0,0,0
"metabat1.7.faa_contig436pilon_pilon_818",0,0,1.4973827041834,0,0,0,0,0,0,0,1.44388713727703,1.13098460611101,1.71555497817818,0,1.1340537405337,0,0,0
"metabat1.7.faa_contig436pilon_pilon_82",4.01867185355295,2.13478485261146,2.82327417442235,7.1855119812732,6.80390755880683,7.14589479663809,2.53777273352371,3.56995718793162,2.25257262097379,1.11645381230496,2.81185139127062,1.75709288071739,6.9042424791296,6.74195572444572,5.92451042997766,2.41734347868894,3.81090283963138,3.01428027122686
"metabat1.7.faa_contig436pilon_pilon_820",3.88362101644719,3.53594262426293,4.43723257500497,2.53081550425397,0,3.50493696460009,1.37979066905676,0,1.52740029239538,3.66463510246245,3.50120641098635,4.04186153709572,1.09903579045027,2.51417842914998,2.80193012411026,1.29118405857877,0,1.46983126765765
"metabat1.7.faa_contig436pilon_pilon_821",0,1.18389527239187,0.685058202165542,0,0,2.40967275086044,0,0,0,0,1.19559746605447,1.13098460611101,1.09903579045027,2.51417842914998,0,0,0,0
"metabat1.7.faa_contig436pilon_pilon_822",0,0.509913214608311,0.38281488519608,0,0,0,0,0,0,0,0.516148531667395,0.67359331525981,0,1.12312357938219,0,0,0,0
"metabat1.7.faa_contig436pilon_pilon_824",0,0.88590938112637,1.14765426080542,0,0,0,0,0,0,0,0,0,0,0,0,0,0,0
"metabat1.7.faa_contig436pilon_pilon_825",0.785936028605364,1.43074458043053,1.33308998856978,0,0,0,0,0,0,1.11645381230496,1.65565457285634,0,0,1.12312357938219,0,0,0,0
"metabat1.7.faa_contig436pilon_pilon_826",0.785936028605364,1.82529197697292,1.4973827041834,0,0,0,0,0,0,0,1.840279242946,1.13098460611101,1.09903579045027,0,0,0,0,0
"metabat1.7.faa_contig436pilon_pilon_827",0,0,0.934818605712233,0,0,0,0,0,0,1.73823503865256,0.89550771308478,0,0,0,0,0,0,0
"metabat1.7.faa_contig436pilon_pilon_828",0,0.509913214608311,1.77865745269737,0,0,0,0,0,0,1.11645381230496,1.19559746605447,0.67359331525981,0,0,1.1340537405337,0,0,0
"metabat1.7.faa_contig436pilon_pilon_83",1.29185180527056,1.64146402980544,0,0,0,0,0,0,0,0,1.19559746605447,1.13098460611101,0,0,0,0,0,0
"metabat1.7.faa_contig436pilon_pilon_830",0,1.43074458043053,0.38281488519608,0,0,0,0,0,0,2.17133542639018,1.19559746605447,1.75709288071739,0,0,1.1340537405337,0,0,0
"metabat1.7.faa_contig436pilon_pilon_832",1.96230563626242,1.18389527239187,0.934818605712233,0,0,0,0,0,0,0,0.89550771308478,0.67359331525981,0,0,0,0,0,0
"metabat1.7.faa_contig436pilon_pilon_833",0.785936028605364,0.88590938112637,0,1.1340537405337,0,0.897401199107369,0,0,0,0,0.89550771308478,0,0,0,1.1340537405337,0,0,0
"metabat1.7.faa_contig436pilon_pilon_834",1.29185180527056,0.509913214608311,0.38281488519608,0,0,0,0,0,0,0,2.15090332733127,1.4777407110858,0,0,1.1340537405337,0,0,0
"metabat1.7.faa_contig436pilon_pilon_835",0.785936028605364,0.509913214608311,0,0,0,0,0,0,0,0,1.19559746605447,0.67359331525981,0,0,0,0,0,0
"metabat1.7.faa_contig436pilon_pilon_836",1.29185180527056,2.79400061842543,3.38133682150871,0,0,0.897401199107369,0,0,0,0,2.97858288508698,2.52615053480768,0,0,0,1.29118405857877,0,0
"metabat1.7.faa_contig436pilon_pilon_837",2.41826115096941,2.38946916323308,3.05192925054972,0,0,0,0,0,0,1.11645381230496,2.00393517636671,3.31115602998447,0,0,0,0,0,0
"metabat1.7.faa_contig436pilon_pilon_839",0,0.509913214608311,0,0,0,0,0,0,0,1.11645381230496,1.44388713727703,0,0,0,0,0,0,0
"metabat1.7.faa_contig436pilon_pilon_840",0,0.88590938112637,0.934818605712233,0,0,0,0,0,0,0,0.89550771308478,0.67359331525981,0,0,0,0,0,0
"metabat1.7.faa_contig436pilon_pilon_843",0,0.88590938112637,1.90108923408269,0,0,0,0,1.35258389846972,0,1.11645381230496,2.00393517636671,1.75709288071739,0,0,0,1.29118405857877,1.29176539221842,0
"metabat1.7.faa_contig436pilon_pilon_846",0,1.43074458043053,0.934818605712233,0,0,0,0,0,0,0,0.89550771308478,0.67359331525981,0,0,0,0,0,0
"metabat1.7.faa_contig436pilon_pilon_848",0,1.43074458043053,0.685058202165542,0,0,0,0,0,0,0,1.19559746605447,0.67359331525981,0,0,0,0,0,0
"metabat1.7.faa_contig436pilon_pilon_849",7.24446670540447,5.53493951784769,6.20218530421115,3.40025988685526,3.08153142491784,3.50493696460009,3.17177214826266,4.04761767344085,4.67098587691079,5.46665817184194,7.35014223880499,6.02822445830395,3.34154722355649,3.01240483997652,4.14783082567737,3.27556281317695,4.6792362160225,2.18262553826444
"metabat1.7.faa_contig436pilon_pilon_85",1.29185180527056,0.88590938112637,1.64486408351293,0,0,0,0,0,0,1.73823503865256,1.19559746605447,0,0,0,2.53081550425397,0,0,0
"metabat1.7.faa_contig436pilon_pilon_850",1.66568014541256,1.64146402980544,0.934818605712233,0,0,0,0,0,0,1.11645381230496,1.65565457285634,1.4777407110858,0,0,0,0,1.29176539221842,0
"metabat1.7.faa_contig436pilon_pilon_852",0,1.64146402980544,2.01393892571283,1.1340537405337,0,0,0,0,0,0,1.19559746605447,0.67359331525981,0,0,0,0,0,0
"metabat1.7.faa_contig436pilon_pilon_855",0,0,0.38281488519608,0,0,0.897401199107369,0,0,0,0,1.19559746605447,0,0,1.12312357938219,0,0,0,0
"metabat1.7.faa_contig436pilon_pilon_856",0,1.18389527239187,1.33308998856978,0,0,1.44647599839007,0,0,0,0,1.44388713727703,1.13098460611101,0,0,0,0,0,1.46983126765765
"metabat1.7.faa_contig436pilon_pilon_857",1.96230563626242,1.18389527239187,1.77865745269737,0,0,0,0,0,0,0,1.840279242946,1.4777407110858,0,0,0,0,0,0
"metabat1.7.faa_contig436pilon_pilon_858",0.785936028605364,1.43074458043053,1.90108923408269,1.7610687491275,0,0,0,0,0,0,0.516148531667395,1.4777407110858,0,0,0,0,0,0
"metabat1.7.faa_contig436pilon_pilon_859",1.66568014541256,1.43074458043053,1.77865745269737,1.1340537405337,0,0,1.37979066905676,0,0,0,0.89550771308478,0.67359331525981,1.09903579045027,0,0,0,0,0
"metabat1.7.faa_contig436pilon_pilon_86",0,1.98832176012744,1.33308998856978,0,0,0,0,1.35258389846972,0,0,2.00393517636671,0.67359331525981,0,0,0,0,0,0
"metabat1.7.faa_contig436pilon_pilon_861",0,1.18389527239187,0.685058202165542,0,0,0,0,0,0,0,0.516148531667395,0.67359331525981,0,0,0,0,0,0
"metabat1.7.faa_contig436pilon_pilon_862",0.785936028605364,1.43074458043053,1.4973827041834,0,0,0,0,0,0,0,1.19559746605447,1.4777407110858,0,0,0,0,0,0
"metabat1.7.faa_contig436pilon_pilon_866",1.96230563626242,0.88590938112637,0.38281488519608,0,0,0,0,0,0,0,0.516148531667395,0,0,0,0,0,0,0
"metabat1.7.faa_contig436pilon_pilon_868",0.785936028605364,1.82529197697292,0.934818605712233,0,0,0,0,0,0,0,2.00393517636671,1.99102887400464,0,0,0,0,0,0
"metabat1.7.faa_contig436pilon_pilon_869",1.66568014541256,2.87960148378125,4.1713246637757,1.1340537405337,1.80255518101465,1.84322922738708,0,0,0,1.11645381230496,2.28427424259072,4.94261018074792,1.09903579045027,1.12312357938219,1.1340537405337,0,0,0
"metabat1.7.faa_contig436pilon_pilon_870",0.785936028605364,1.64146402980544,0.38281488519608,0,0,0,0,0,0,0,1.19559746605447,1.4777407110858,0,0,0,0,0,0
"metabat1.7.faa_contig436pilon_pilon_871",0,1.43074458043053,0,0,0,0,0,0,0,0,0.516148531667395,0,0,0,0,0,0,0
"metabat1.7.faa_contig436pilon_pilon_873",0,1.43074458043053,0.685058202165542,0,0,0,0,0,0,0,2.8976244326255,1.13098460611101,0,0,0,0,0,0
"metabat1.7.faa_contig436pilon_pilon_874",3.16451550209409,0.509913214608311,3.2023945824784,0,0,0,0,0,0,2.77413745748303,6.62410108872878,3.87636351787433,0,0,0,0,0,0
"metabat1.7.faa_contig436pilon_pilon_875",2.60157159760965,1.43074458043053,3.33863871741216,1.1340537405337,1.16619325035431,2.40967275086044,0,1.35258389846972,0,1.73823503865256,6.12559231180817,2.79709764057128,1.09903579045027,1.12312357938219,0,0,0,1.46983126765765
"metabat1.7.faa_contig436pilon_pilon_876",0,0.509913214608311,0.685058202165542,0,0,0,0,0,0,0,1.19559746605447,0,0,0,0,0,0,0
"metabat1.7.faa_contig436pilon_pilon_877",0.785936028605364,0.88590938112637,0.685058202165542,0,0,0,0,0,0,0,1.19559746605447,0,0,0,0,0,0,0
"metabat1.7.faa_contig436pilon_pilon_878",0,1.18389527239187,1.64486408351293,0,0,0,0,0,0,0,1.19559746605447,0.67359331525981,0,0,0,0,0,0
"metabat1.7.faa_contig436pilon_pilon_879",0.785936028605364,1.98832176012744,0.685058202165542,0,0,0,0,0,0,0,1.19559746605447,0.67359331525981,0,0,0,0,0,0
"metabat1.7.faa_contig436pilon_pilon_88",0,0,0.38281488519608,0,0,0,0,0,0,0,0.516148531667395,1.13098460611101,0,0,1.1340537405337,0,0,0
"metabat1.7.faa_contig436pilon_pilon_880",0,1.82529197697292,0.685058202165542,0,1.16619325035431,0,0,0,0,0,1.44388713727703,0.67359331525981,0,0,0,0,0,0
"metabat1.7.faa_contig436pilon_pilon_881",0,0.88590938112637,0.934818605712233,0,0,0,0,0,0,0,0,0.67359331525981,0,1.12312357938219,0,0,0,0
"metabat1.7.faa_contig436pilon_pilon_882",1.29185180527056,0,1.33308998856978,0,0,0,0,0,0,0,0.89550771308478,0,0,0,0,0,0,0
"metabat1.7.faa_contig436pilon_pilon_884",1.96230563626242,0.88590938112637,0.38281488519608,0,0,0.897401199107369,0,0,0,1.11645381230496,0,1.75709288071739,0,1.12312357938219,1.1340537405337,0,0,0
"metabat1.7.faa_contig436pilon_pilon_885",0.785936028605364,0.88590938112637,0,0,0,0,0,0,0,0,0.89550771308478,0,0,0,0,0,0,0
"metabat1.7.faa_contig436pilon_pilon_887",0.785936028605364,0.88590938112637,1.33308998856978,0,0,0,0,0,0,0,2.28427424259072,1.13098460611101,0,0,0,0,0,0
"metabat1.7.faa_contig436pilon_pilon_888",0.785936028605364,0,2.01393892571283,0,0,0,0,0,0,0,2.51890127711715,1.75709288071739,0,1.12312357938219,0,0,0,0
"metabat1.7.faa_contig436pilon_pilon_889",0.785936028605364,1.18389527239187,1.33308998856978,0,0,0,0,0,0,0,0.89550771308478,0,0,0,0,0,0,0
"metabat1.7.faa_contig436pilon_pilon_89",0,0,0.934818605712233,0,0,0,0,0,0,0,1.19559746605447,0.67359331525981,0,0,1.1340537405337,0,0,0
"metabat1.7.faa_contig436pilon_pilon_891",0.785936028605364,0.88590938112637,0.934818605712233,1.1340537405337,0,0,0,0,0,2.17133542639018,0,1.13098460611101,1.09903579045027,1.12312357938219,0,1.29118405857877,0,0
"metabat1.7.faa_contig436pilon_pilon_892",0,1.82529197697292,1.64486408351293,0,0,0.897401199107369,0,0,0,1.11645381230496,1.19559746605447,1.4777407110858,0,1.12312357938219,0,0,0,0
"metabat1.7.faa_contig436pilon_pilon_893",0.785936028605364,1.18389527239187,1.14765426080542,0,0,0,0,0,0,0,0,0.67359331525981,0,0,0,0,0,0
"metabat1.7.faa_contig436pilon_pilon_894",2.41826115096941,2.60586750229792,3.61396611367724,0,2.24262160634391,1.84322922738708,0,0,0,2.50399368872529,1.44388713727703,3.62126360754066,0,1.12312357938219,0,0,0,0
"metabat1.7.faa_contig436pilon_pilon_895",0,0.509913214608311,1.90108923408269,0,0,0,0,0,0,0,0.89550771308478,1.13098460611101,0,0,0,0,0,0
"metabat1.7.faa_contig436pilon_pilon_896",0,1.43074458043053,0.38281488519608,0,1.16619325035431,0.897401199107369,0,0,0,1.11645381230496,0.89550771308478,1.13098460611101,0,1.74689798439781,1.1340537405337,0,0,0
"metabat1.7.faa_contig436pilon_pilon_897",1.66568014541256,1.18389527239187,1.90108923408269,0,0,1.84322922738708,0,1.35258389846972,0,1.11645381230496,2.00393517636671,2.36884809447434,0,1.12312357938219,1.1340537405337,0,0,0
"metabat1.7.faa_contig436pilon_pilon_898",0.785936028605364,1.43074458043053,1.77865745269737,1.1340537405337,1.16619325035431,1.44647599839007,0,0,0,1.11645381230496,0,1.13098460611101,0,0,2.19668159538169,0,0,0
"metabat1.7.faa_contig436pilon_pilon_899",3.16451550209409,2.79400061842543,4.07055573370681,1.7610687491275,1.80255518101465,2.40967275086044,0,1.35258389846972,0,3.19801267565096,3.19731690639523,3.81669157949342,1.71555497817818,3.38203703533331,2.80193012411026,0,2.76406976883088,0
"metabat1.7.faa_contig436pilon_pilon_9",0.785936028605364,0.509913214608311,0.38281488519608,0,0,0,0,0,0,0,0.516148531667395,1.13098460611101,0,0,0,0,0,0
"metabat1.7.faa_contig436pilon_pilon_90",1.29185180527056,0.88590938112637,0.38281488519608,0,0,0,0,0,0,0,1.19559746605447,0.67359331525981,0,0,0,0,0,0
"metabat1.7.faa_contig436pilon_pilon_900",1.29185180527056,1.98832176012744,1.4973827041834,1.7610687491275,0,0,0,0,0,1.11645381230496,1.44388713727703,1.99102887400464,1.09903579045027,0,0,0,0,0
"metabat1.7.faa_contig436pilon_pilon_903",0.785936028605364,1.43074458043053,0.685058202165542,1.1340537405337,0,0.897401199107369,1.37979066905676,0,0,0,0.89550771308478,2.36884809447434,0,0,0,0,0,0
"metabat1.7.faa_contig436pilon_pilon_904",0,1.18389527239187,1.14765426080542,1.7610687491275,0,0,0,1.35258389846972,0,2.17133542639018,0.89550771308478,0.67359331525981,0,0,0,0,0,0
"metabat1.7.faa_contig436pilon_pilon_905",0,0.509913214608311,1.14765426080542,2.19668159538169,0,0,1.37979066905676,0,0,0,0.89550771308478,1.13098460611101,1.09903579045027,1.12312357938219,1.1340537405337,0,0,0
"metabat1.7.faa_contig436pilon_pilon_906",0.785936028605364,1.43074458043053,3.05192925054972,0,0,0,0,0,0,1.11645381230496,1.840279242946,2.52615053480768,0,0,1.1340537405337,0,0,0
"metabat1.7.faa_contig436pilon_pilon_907",0,0.509913214608311,0.934818605712233,0,0,0,0,0,0,1.11645381230496,0.516148531667395,0.67359331525981,0,0,0,0,0,0
"metabat1.7.faa_contig436pilon_pilon_908",1.29185180527056,0,1.33308998856978,0,0,0,0,0,0,0,0.89550771308478,0.67359331525981,0,0,0,0,0,0
"metabat1.7.faa_contig436pilon_pilon_909",0.785936028605364,1.18389527239187,0.934818605712233,0,0,0,0,0,0,0,0.516148531667395,0,0,0,0,0,0,0
"metabat1.7.faa_contig436pilon_pilon_91",1.66568014541256,1.64146402980544,1.14765426080542,0,0,0,0,0,0,0,1.19559746605447,0.67359331525981,0,0,0,0,0,0
"metabat1.7.faa_contig436pilon_pilon_910",0,0.509913214608311,1.14765426080542,0,0,0,0,0,0,0,0,0.67359331525981,0,0,0,0,0,0
"metabat1.7.faa_contig436pilon_pilon_912",1.29185180527056,0.88590938112637,1.14765426080542,0,0,0,0,0,0,0,2.28427424259072,1.13098460611101,0,0,0,1.29118405857877,0,0
"metabat1.7.faa_contig436pilon_pilon_913",1.66568014541256,1.64146402980544,1.14765426080542,0,0,0.897401199107369,0,0,0,0,1.19559746605447,0,0,0,0,0,0,0
"metabat1.7.faa_contig436pilon_pilon_914",0,0.509913214608311,0.685058202165542,0,0,0,0,0,0,0,0,0.67359331525981,0,0,0,1.29118405857877,0,0
"metabat1.7.faa_contig436pilon_pilon_915",0,0,0.38281488519608,0,0,0.897401199107369,0,0,0,0,0.516148531667395,1.13098460611101,0,0,0,0,0,0
"metabat1.7.faa_contig436pilon_pilon_916",0,1.64146402980544,0.38281488519608,0,0,0.897401199107369,0,0,0,0,2.15090332733127,0,0,0,0,0,1.29176539221842,0
"metabat1.7.faa_contig436pilon_pilon_918",1.29185180527056,1.43074458043053,0.685058202165542,0,0,0,0,0,0,0,1.65565457285634,1.4777407110858,0,0,0,0,0,0
"metabat1.7.faa_contig436pilon_pilon_919",0.785936028605364,0.88590938112637,0,0,0,0,0,0,0,0,0.516148531667395,0.67359331525981,0,0,0,0,0,0
"metabat1.7.faa_contig436pilon_pilon_920",0,1.43074458043053,1.14765426080542,0,0,0.897401199107369,0,0,0,1.11645381230496,1.44388713727703,1.4777407110858,0,0,0,0,0,0
"metabat1.7.faa_contig436pilon_pilon_921",0,0.509913214608311,0.685058202165542,0,0,0,0,0,0,0,0,1.99102887400464,0,0,0,0,0,0
"metabat1.7.faa_contig436pilon_pilon_922",0,0.509913214608311,1.14765426080542,0,0,0,0,1.35258389846972,0,0,1.65565457285634,0,0,0,0,0,0,0
"metabat1.7.faa_contig436pilon_pilon_923",1.29185180527056,1.43074458043053,2.21617578280615,0,1.16619325035431,0,0,0,0,1.11645381230496,2.15090332733127,1.75709288071739,2.47727817412133,2.1809567813732,1.1340537405337,0,1.96219704722974,0
"metabat1.7.faa_contig436pilon_pilon_925",1.29185180527056,2.26773977122091,0.934818605712233,0,1.16619325035431,0.897401199107369,0,2.0382190429837,0,0,2.51890127711715,1.13098460611101,1.09903579045027,3.53650372487776,1.7610687491275,0,1.96219704722974,0
"metabat1.7.faa_contig436pilon_pilon_926",0,0.88590938112637,0.934818605712233,1.1340537405337,0,1.84322922738708,0,0,0,0,0.89550771308478,1.13098460611101,0,1.12312357938219,0,0,0,0
"metabat1.7.faa_contig436pilon_pilon_927",0,0.88590938112637,0.685058202165542,1.7610687491275,0,0.897401199107369,0,0,0,0,1.44388713727703,0,0,0,0,0,1.96219704722974,0
"metabat1.7.faa_contig436pilon_pilon_928",0,1.43074458043053,2.01393892571283,0,0,0,0,0,0,1.11645381230496,1.44388713727703,2.19227141791183,0,0,0,0,0,0
"metabat1.7.faa_contig436pilon_pilon_929",0.785936028605364,0.88590938112637,1.77865745269737,1.1340537405337,0,0,0,0,0,1.11645381230496,2.28427424259072,1.75709288071739,0,0,0,0,0,0
"metabat1.7.faa_contig436pilon_pilon_932",0,1.64146402980544,1.4973827041834,0,0,0,0,0,0,0,1.44388713727703,0,0,0,0,0,0,0
"metabat1.7.faa_contig436pilon_pilon_933",0.785936028605364,1.18389527239187,1.4973827041834,0,0,0,0,0,0,0,1.44388713727703,0.67359331525981,0,0,0,0,0,0
"metabat1.7.faa_contig436pilon_pilon_936",1.29185180527056,2.26773977122091,2.30756971923906,0,0,0,0,0,0,1.11645381230496,2.28427424259072,0.67359331525981,0,0,0,0,0,0
"metabat1.7.faa_contig436pilon_pilon_937",0,0,0.685058202165542,0,0,0,0,0,0,0,0.89550771308478,0.67359331525981,0,0,0,0,0,0
"metabat1.7.faa_contig436pilon_pilon_938",1.66568014541256,1.18389527239187,1.64486408351293,0,0,0,0,0,0,0,0.89550771308478,1.13098460611101,0,0,0,0,0,0
"metabat1.7.faa_contig436pilon_pilon_939",1.96230563626242,0.88590938112637,1.4973827041834,3.03006654447673,2.57936124805689,3.61060538920406,0,0,0,0,0.516148531667395,1.13098460611101,1.09903579045027,2.51417842914998,3.03006654447673,0,0,0
"metabat1.7.faa_contig436pilon_pilon_94",0,1.82529197697292,1.33308998856978,0,1.80255518101465,2.15407448615294,0,0,0,0,1.65565457285634,1.99102887400464,1.09903579045027,0,0,0,1.29176539221842,0
"metabat1.7.faa_contig436pilon_pilon_940",0,0.88590938112637,0.38281488519608,0,0,0,0,0,0,0,0.89550771308478,0,0,0,0,0,0,0
"metabat1.7.faa_contig436pilon_pilon_941",1.29185180527056,0.509913214608311,0,0,0,0,0,0,0,0,0.89550771308478,1.13098460611101,0,0,0,0,0,0
"metabat1.7.faa_contig436pilon_pilon_942",0.785936028605364,0,0.685058202165542,1.1340537405337,0,0.897401199107369,0,0,0,1.11645381230496,0,0,1.09903579045027,1.12312357938219,0,0,0,0
"metabat1.7.faa_contig436pilon_pilon_943",0.785936028605364,0.509913214608311,0,1.1340537405337,0,1.44647599839007,0,0,0,0,0.89550771308478,0.67359331525981,2.47727817412133,0,0,0,0,0
"metabat1.7.faa_contig436pilon_pilon_944",1.96230563626242,0.88590938112637,1.33308998856978,0,0,0,0,0,0,2.17133542639018,1.44388713727703,2.19227141791183,2.14611569478379,1.74689798439781,0,0,0,0
"metabat1.7.faa_contig436pilon_pilon_945",0,0,1.64486408351293,0,0,0,0,0,0,0,0.89550771308478,0.67359331525981,0,0,0,0,0,0
"metabat1.7.faa_contig436pilon_pilon_948",0,0.509913214608311,1.33308998856978,0,0,0,2.07197274134539,0,0,0,1.19559746605447,0.67359331525981,0,1.12312357938219,0,0,0,0
"metabat1.7.faa_contig436pilon_pilon_949",0.785936028605364,1.43074458043053,0.685058202165542,1.1340537405337,0,0,0,0,0,0,2.00393517636671,1.13098460611101,0,0,0,0,0,0
"metabat1.7.faa_contig436pilon_pilon_95",0,1.43074458043053,0.38281488519608,0,0,0,0,0,0,0,0.516148531667395,0.67359331525981,0,0,0,0,0,0
"metabat1.7.faa_contig436pilon_pilon_950",0.785936028605364,1.82529197697292,1.4973827041834,0,2.24262160634391,0,0,0,0,1.11645381230496,1.44388713727703,1.13098460611101,1.09903579045027,1.12312357938219,0,0,0,0
"metabat1.7.faa_contig436pilon_pilon_955",1.29185180527056,0.509913214608311,0,0,0,0,0,0,0,0,0.89550771308478,0.67359331525981,1.09903579045027,0,0,0,0,0
"metabat1.7.faa_contig436pilon_pilon_956",0,0.509913214608311,1.14765426080542,0,0,0,0,0,0,0,0.89550771308478,0,0,0,0,0,0,0
"metabat1.7.faa_contig436pilon_pilon_958",0,1.64146402980544,1.64486408351293,0,0,0,0,0,0,0,1.19559746605447,0.67359331525981,0,0,0,0,0,0
"metabat1.7.faa_contig436pilon_pilon_959",2.60157159760965,1.98832176012744,2.94212696831667,0,0,0.897401199107369,0,0,0,2.17133542639018,1.44388713727703,2.19227141791183,2.14611569478379,1.12312357938219,1.1340537405337,0,0,0
"metabat1.7.faa_contig436pilon_pilon_960",1.29185180527056,1.98832176012744,1.4973827041834,2.19668159538169,1.80255518101465,0,0,0,0,0,1.840279242946,0,0,1.12312357938219,1.7610687491275,0,0,0
"metabat1.7.faa_contig436pilon_pilon_961",1.29185180527056,0.509913214608311,1.4973827041834,0,0,1.44647599839007,0,0,0,0,0.89550771308478,0.67359331525981,1.09903579045027,1.12312357938219,1.1340537405337,1.29118405857877,0,0
"metabat1.7.faa_contig436pilon_pilon_962",2.41826115096941,1.18389527239187,1.90108923408269,1.1340537405337,2.24262160634391,2.15407448615294,0,0,0,1.11645381230496,1.19559746605447,1.4777407110858,0,0,0,0,0,0
"metabat1.7.faa_contig436pilon_pilon_963",0,0.509913214608311,0.685058202165542,0,0,0.897401199107369,0,0,0,0,0,0,1.71555497817818,0,0,0,0,0
"metabat1.7.faa_contig436pilon_pilon_964",1.29185180527056,1.18389527239187,1.77865745269737,1.7610687491275,1.16619325035431,1.44647599839007,0,0,0,0,2.00393517636671,1.13098460611101,0,1.12312357938219,0,0,0,0
"metabat1.7.faa_contig436pilon_pilon_965",0.785936028605364,0.509913214608311,1.64486408351293,0,0,0,0,0,0,0,2.40635221835154,1.4777407110858,0,0,0,0,0,0
"metabat1.7.faa_contig436pilon_pilon_966",7.07659081094125,5.22731557958216,6.13515354195595,3.03006654447673,2.57936124805689,3.39091296255041,3.17177214826266,4.69259759535899,5.20047787244492,5.42803576465571,7.30768708908987,5.86105998769232,3.34154722355649,1.74689798439781,4.04716258700846,3.47651363774691,5.03835020874874,2.65756795586743
"metabat1.7.faa_contig436pilon_pilon_967",1.66568014541256,0.88590938112637,1.4973827041834,0,0,0,0,0,0,0,2.15090332733127,1.13098460611101,0,0,0,0,0,1.46983126765765
"metabat1.7.faa_contig436pilon_pilon_969",0,1.18389527239187,0.38281488519608,0,0,0,0,0,0,0,1.65565457285634,0.67359331525981,0,0,0,0,0,0
"metabat1.7.faa_contig436pilon_pilon_97",0.785936028605364,0.88590938112637,0.685058202165542,0,0,0,0,0,0,0,1.19559746605447,0,0,0,0,0,0,0
"metabat1.7.faa_contig436pilon_pilon_970",1.96230563626242,2.26773977122091,1.14765426080542,0,0,0,0,0,0,0,1.65565457285634,1.4777407110858,0,0,0,0,0,0
"metabat1.7.faa_contig436pilon_pilon_971",0,1.18389527239187,1.14765426080542,0,0,0.897401199107369,0,0,0,0,1.19559746605447,0.67359331525981,0,0,0,0,0,0
"metabat1.7.faa_contig436pilon_pilon_972",0.785936028605364,2.26773977122091,2.30756971923906,0,0,0.897401199107369,0,0,0,0,1.840279242946,1.4777407110858,0,0,0,0,0,0
"metabat1.7.faa_contig436pilon_pilon_973",0,0,0.38281488519608,0,0,0,0,0,0,0,1.44388713727703,0,0,0,0,0,0,0
"metabat1.7.faa_contig436pilon_pilon_975",0.785936028605364,0.88590938112637,0.38281488519608,0,0,0,0,0,0,0,1.19559746605447,0,0,0,0,0,0,0
"metabat1.7.faa_contig436pilon_pilon_976",1.29185180527056,2.60586750229792,2.69374376525252,0,0,0,2.07197274134539,0,0,1.73823503865256,2.51890127711715,2.19227141791183,0,0,1.1340537405337,1.29118405857877,0,0
"metabat1.7.faa_contig436pilon_pilon_977",1.66568014541256,1.64146402980544,1.90108923408269,1.1340537405337,0,0,0,0,0,0,1.44388713727703,1.75709288071739,0,0,0,0,0,0
"metabat1.7.faa_contig436pilon_pilon_978",1.29185180527056,2.26773977122091,1.64486408351293,0,1.16619325035431,0,0,0,0,0,1.840279242946,2.19227141791183,0,0,0,0,1.29176539221842,0
"metabat1.7.faa_contig436pilon_pilon_979",1.29185180527056,0,1.14765426080542,0,0,0.897401199107369,0,0,0,0,0.516148531667395,1.13098460611101,1.09903579045027,0,0,0,0,0
"metabat1.7.faa_contig436pilon_pilon_980",0.785936028605364,1.43074458043053,1.4973827041834,0,0,0,0,0,0,1.73823503865256,0.516148531667395,1.75709288071739,0,0,0,0,0,0
"metabat1.7.faa_contig436pilon_pilon_981",0,0.88590938112637,0.934818605712233,0,0,0,0,0,0,0,1.65565457285634,0,0,1.12312357938219,0,0,0,0
"metabat1.7.faa_contig436pilon_pilon_982",0.785936028605364,1.18389527239187,0.685058202165542,0,0,0,0,0,0,0,1.840279242946,0,0,0,0,0,0,0
"metabat1.7.faa_contig436pilon_pilon_983",1.96230563626242,2.60586750229792,2.11859814958117,0,0,0,0,0,0,0,2.40635221835154,2.66797545578142,1.09903579045027,1.12312357938219,0,0,0,0
"metabat1.7.faa_contig436pilon_pilon_984",0,1.43074458043053,0.934818605712233,1.7610687491275,1.80255518101465,0,0,2.0382190429837,0,0,1.19559746605447,0.67359331525981,0,1.74689798439781,0,0,0,0
"metabat1.7.faa_contig436pilon_pilon_985",2.41826115096941,1.82529197697292,1.77865745269737,2.80193012411026,2.24262160634391,3.26709763171278,1.37979066905676,0,0,0,0.89550771308478,1.75709288071739,2.7464361614707,2.78469305237248,2.19668159538169,1.29118405857877,0,0
"metabat1.7.faa_contig436pilon_pilon_986",3.65390498999262,2.13478485261146,3.78273393956842,3.55492163421865,2.57936124805689,4.04690451631809,0,0,0,3.00158663115357,2.00393517636671,4.09306160581292,3.9861826561113,3.92011864479253,3.55492163421865,1.29118405857877,1.96219704722974,0
"metabat1.7.faa_contig436pilon_pilon_987",0.785936028605364,0.88590938112637,1.14765426080542,0,0,0,0,0,0,0,0,0,0,0,0,0,0,0
"metabat1.7.faa_contig436pilon_pilon_988",1.96230563626242,1.43074458043053,0.685058202165542,0,0,0,0,0,0,1.11645381230496,1.19559746605447,2.19227141791183,0,1.12312357938219,0,0,0,0
"metabat1.7.faa_contig436pilon_pilon_989",2.20822168944952,1.82529197697292,2.11859814958117,0,1.16619325035431,0,0,0,0,2.17133542639018,1.44388713727703,1.4777407110858,0,0,0,0,0,0
"metabat1.7.faa_contig436pilon_pilon_990",1.29185180527056,1.64146402980544,0.685058202165542,0,0,0,0,0,0,0,0.516148531667395,0,0,0,0,0,0,0
"metabat1.7.faa_contig436pilon_pilon_991",2.20822168944952,1.82529197697292,2.39351721646857,1.7610687491275,0,0.897401199107369,0,0,0,0,0,1.4777407110858,2.47727817412133,0,2.19668159538169,0,0,0
"metabat1.7.faa_contig436pilon_pilon_992",3.95272612376576,3.4264236826763,3.78273393956842,1.1340537405337,2.24262160634391,2.40967275086044,0,0,0,3.90858294015622,3.55499464329856,3.0251155373296,2.7464361614707,2.1809567813732,3.22700466328771,0,0,0
"metabat1.7.faa_contig436pilon_pilon_993",3.27657521655722,2.13478485261146,3.46311926836477,0,0,0,0,0,0,1.73823503865256,2.62330189181478,3.12689527349591,3.34154722355649,3.20902661097063,1.7610687491275,0,0,0
"metabat1.7.faa_contig436pilon_pilon_994",2.41826115096941,2.26773977122091,2.82327417442235,1.1340537405337,1.16619325035431,0,1.37979066905676,0,0,1.73823503865256,2.15090332733127,2.66797545578142,0,1.74689798439781,1.7610687491275,0,0,0
"metabat1.7.faa_contig436pilon_pilon_996",1.66568014541256,1.43074458043053,2.5514261270497,0,0,0.897401199107369,0,0,0,1.11645381230496,0.516148531667395,2.52615053480768,2.14611569478379,0,1.7610687491275,0,0,0
"metabat1.7.faa_contig436pilon_pilon_997",2.91032890151629,2.13478485261146,1.4973827041834,2.19668159538169,1.16619325035431,0.897401199107369,0,0,0,0,1.19559746605447,1.99102887400464,0,0,0,0,0,0
"metabat1.7.faa_contig436pilon_pilon_998",3.38055467503265,3.63773107560505,3.46311926836477,2.19668159538169,1.16619325035431,0,0,0,0,3.19801267565096,3.38721208338708,4.32490456016521,2.14611569478379,2.1809567813732,2.19668159538169,0,0,0
"metabat1.7.faa_contig436pilon_pilon_999",2.20822168944952,2.26773977122091,2.47463106669557,2.19668159538169,1.16619325035431,2.40967275086044,0,0,0,0,2.51890127711715,2.19227141791183,2.47727817412133,1.74689798439781,2.19668159538169,0,0,0
